uint16_t fad1[476]={2165,2165,1883,1600,1327,1080,874,713,583,461,324,173,5,-181,-368,-543,-696,-808,-873,-909,-924,-913,-886,-862,-848,-834,-811,-763,-680,-566,-435,-304,-191,-106,-50,-13,18,42,57,70,92,123,156,186,209,217,208,186,154,112,76,48,25,11,10,12,16,17,8,-3,-18,-34,-49,-58,-62,-60,-51,-33,-6,28,59,72,70,57,32,6,-12,-25,-32,-29,-28,-40,-59,-82,-111,-138,-156,-173,-188,-189,-176,-143,-101,-58,-20,3,3,-15,-40,-73,-100,-117,-130,-145,-153,-167,-187,-211,-237,-267,-301,-331,-346,-345,-325,-303,-291,-295,-315,-351,-389,-417,-423,-403,-365,-313,-254,-192,-140,-106,-85,-75,-69,-67,-60,-43,-16,15,41,64,76,77,68,38,-2,-36,-64,-86,-97,-98,-95,-94,-96,-102,-108,-108,-101,-88,-72,-48,-16,22,61,94,121,140,153,159,167,174,182,189,186,181,177,170,160,142,115,83,42,-12,-76,-144,-205,-255,-299,-335,-356,-358,-350,-354,-383,-413,-434,-451,-447,-426,-397,-358,-307,-270,-251,-242,-251,-270,-285,-273,-224,-145,-40,64,157,234,277,280,251,215,205,236,313,433,586,770,950,1072,1108,1064,951,791,609,455,395,451,599,768,859,829,687,474,247,53,-92,-188,-236,-241,-219,-195,-193,-217,-261,-318,-378,-423,-446,-436,-382,-303,-228,-159,-99,-65,-69,-95,-124,-140,-128,-79,-9,69,136,175,180,156,116,66,9,-45,-85,-107,-122,-130,-135,-146,-166,-197,-227,-257,-280,-289,-288,-276,-248,-210,-174,-142,-123,-110,-94,-75,-52,-25,3,30,61,95,134,180,223,245,247,241,231,216,208,203,198,196,193,185,176,163,133,88,37,-6,-38,-54,-62,-64,-55,-42,-37,-39,-54,-79,-107,-143,-186,-219,-248,-275,-297,-320,-349,-373,-391,-413,-436,-449,-450,-439,-415,-383,-353,-337,-337,-354,-381,-400,-396,-369,-320,-253,-171,-89,-23,22,49,63,66,63,63,71,84,104,121,135,144,140,118,76,19,-37,-87,-136,-169,-189,-203,-215,-228,-242,-256,-265,-271,-271,-261,-236,-198,-147,-94,-44,-8,17,29,32,33,34,32,33,37,49,72,102,130,153,164,163,152,125,84,42,3,-29,-49,-55,-45,-18,17,37,12,-42,-97,-156,-205,-228,-240,-247,-245,-248,-270,-309,-371,-452,-544,-631,-678,-682,-651,-601,-548,-499,-469,-468,-488,-504,-482,-400,-251,-32,246,568,907,1209,1422,1535,1563,1527,1461,1414,1452,1612,1879,2197,2467,2598,2564,};
uint16_t la1[400]={2518,2518,2245,1972,1736,1567,1458,1362,1205,954,610,212,-187,-535,-801,-974,-1076,-1137,-1174,-1199,-1222,-1235,-1229,-1198,-1140,-1043,-897,-719,-539,-362,-198,-66,42,144,235,301,348,386,419,430,410,366,308,240,166,101,67,57,55,54,51,39,18,3,-17,-28,-26,-12,21,61,84,89,93,96,98,93,76,55,32,17,10,-2,-31,-77,-130,-184,-232,-264,-283,-299,-314,-320,-312,-299,-286,-271,-255,-242,-230,-222,-222,-232,-250,-269,-284,-296,-299,-295,-277,-251,-230,-225,-234,-256,-297,-351,-412,-472,-520,-547,-548,-520,-464,-397,-331,-275,-227,-182,-142,-97,-53,-12,24,58,92,123,156,188,213,235,254,272,282,279,256,212,150,86,27,-24,-66,-98,-125,-146,-161,-173,-187,-199,-207,-208,-204,-199,-189,-178,-171,-166,-168,-172,-174,-176,-180,-185,-205,-241,-285,-331,-365,-382,-384,-376,-366,-362,-355,-349,-332,-308,-287,-272,-252,-219,-172,-103,-17,89,198,300,387,468,539,594,636,691,782,909,1049,1171,1247,1249,1175,1044,883,728,599,500,445,458,549,684,781,786,680,480,240,19,-145,-235,-255,-238,-212,-196,-204,-234,-266,-291,-301,-290,-252,-194,-137,-89,-52,-39,-52,-68,-79,-93,-108,-120,-126,-138,-168,-215,-265,-313,-353,-377,-374,-338,-281,-224,-175,-139,-119,-97,-76,-50,-9,43,106,177,234,263,281,288,281,265,246,222,193,161,134,104,54,-17,-98,-177,-252,-312,-350,-367,-373,-375,-365,-347,-331,-322,-316,-313,-314,-314,-317,-320,-331,-346,-353,-358,-359,-354,-347,-332,-313,-302,-297,-300,-323,-363,-420,-489,-553,-606,-637,-640,-612,-555,-483,-410,-343,-287,-239,-197,-161,-128,-102,-79,-57,-36,-16,2,16,22,29,41,50,53,44,22,-11,-44,-71,-89,-100,-105,-102,-94,-77,-49,-20,9,40,82,133,183,229,265,286,288,273,241,202,149,84,9,-85,-205,-349,-512,-677,-833,-973,-1090,-1188,-1268,-1323,-1352,-1356,-1331,-1288,-1233,-1160,-1055,-913,-732,-512,-253,31,331,631,925,1211,1472,1703,1917,2147,2408,2686,2940,3138,3249,3249,3148,2964,};
uint16_t do2[337]={1161,1161,1138,1264,1511,1773,1943,1941,1731,1373,960,597,340,181,97,63,52,35,2,-61,-162,-284,-383,-436,-450,-418,-328,-224,-156,-134,-151,-195,-250,-313,-342,-324,-301,-288,-272,-248,-229,-216,-201,-183,-169,-149,-119,-91,-67,-47,-40,-39,-38,-40,-42,-44,-49,-42,-24,1,28,56,76,81,77,65,38,-2,-55,-132,-211,-266,-303,-322,-327,-333,-341,-357,-384,-416,-436,-440,-428,-401,-372,-358,-383,-448,-539,-639,-717,-755,-752,-705,-608,-494,-391,-299,-228,-191,-189,-214,-241,-238,-207,-184,-172,-138,-100,-77,-67,-69,-64,-40,-7,32,74,102,118,127,117,98,73,39,4,-22,-30,-19,-1,29,57,65,56,45,33,10,-23,-50,-58,-64,-77,-101,-137,-180,-244,-304,-348,-389,-431,-466,-479,-461,-417,-374,-344,-344,-393,-479,-579,-642,-643,-590,-490,-344,-185,-45,66,153,245,345,472,694,1040,1451,1825,2069,2118,1973,1694,1380,1121,933,796,699,622,547,462,357,230,91,-42,-144,-216,-256,-253,-217,-187,-189,-226,-286,-350,-403,-436,-428,-397,-375,-362,-350,-336,-311,-273,-229,-186,-132,-63,3,49,84,106,119,133,154,180,211,233,248,269,289,288,276,260,233,198,162,123,79,22,-57,-156,-243,-312,-363,-384,-385,-373,-348,-323,-314,-308,-307,-303,-298,-303,-323,-369,-457,-578,-710,-834,-935,-1003,-1023,-981,-895,-797,-701,-608,-528,-476,-448,-422,-386,-335,-279,-220,-160,-98,-40,3,25,36,58,99,141,189,229,259,279,285,281,266,231,183,131,75,20,-40,-95,-142,-192,-256,-318,-374,-428,-491,-561,-625,-682,-739,-793,-830,-854,-852,-822,-745,-625,-481,-333,-177,-6,198,422,642,850,1032,1178,1292,1393,1503,1620,1724,1798,1840,1819,1716,1546,1352,1184,};
uint16_t mi2[267]={2587,2587,2424,2321,2204,2109,2057,1973,1838,1629,1348,1051,737,433,196,43,-26,-54,-84,-109,-134,-187,-255,-329,-386,-407,-409,-387,-334,-270,-212,-184,-191,-223,-278,-337,-381,-393,-373,-336,-295,-250,-221,-213,-212,-209,-188,-157,-117,-70,-33,-20,-34,-67,-112,-165,-222,-266,-302,-343,-389,-458,-564,-696,-831,-943,-1010,-1019,-977,-896,-791,-680,-596,-556,-533,-492,-420,-327,-226,-124,-39,22,66,100,123,131,136,156,190,211,200,170,129,64,0,-50,-91,-110,-115,-96,-51,-10,15,21,3,-27,-57,-73,-53,-17,11,22,-9,-78,-180,-305,-405,-453,-439,-346,-213,-67,84,199,270,300,321,398,544,744,1027,1338,1583,1673,1498,1133,807,552,319,189,149,125,96,25,-83,-196,-322,-441,-510,-511,-445,-359,-291,-220,-165,-140,-141,-165,-181,-175,-161,-123,-74,-30,4,13,-6,-47,-100,-142,-160,-161,-137,-108,-79,-55,-54,-67,-85,-100,-94,-69,-30,19,62,84,80,50,9,-40,-90,-127,-160,-202,-260,-340,-452,-580,-711,-817,-876,-886,-849,-778,-686,-600,-550,-540,-545,-524,-473,-396,-305,-212,-137,-87,-49,-20,-3,1,5,22,47,48,29,-11,-58,-106,-155,-194,-227,-244,-248,-223,-193,-172,-160,-184,-229,-275,-298,-291,-255,-216,-172,-159,-198,-274,-387,-512,-614,-675,-659,-556,-410,-235,-57,98,229,339,453,639,894,1222,1647,2085,2456,2666,};
uint16_t fad2[238]={2210,2210,1924,1712,1537,1398,1267,1112,966,845,726,618,520,423,339,263,179,86,17,-20,-24,-9,-2,-19,-47,-93,-153,-199,-232,-262,-273,-286,-299,-304,-310,-315,-335,-387,-458,-524,-573,-601,-611,-612,-612,-612,-598,-568,-519,-475,-444,-428,-424,-429,-440,-464,-491,-507,-507,-488,-453,-424,-416,-433,-462,-483,-479,-453,-414,-365,-319,-288,-258,-225,-194,-167,-143,-102,-60,-38,-32,-38,-54,-77,-96,-103,-96,-85,-75,-51,-23,-6,9,11,-7,-38,-74,-105,-131,-143,-151,-157,-127,-67,-2,51,72,61,48,49,55,68,102,175,277,406,558,632,600,528,442,419,507,619,703,739,689,590,472,337,217,126,61,35,37,45,34,12,-10,-13,1,25,38,44,36,19,11,16,21,35,43,43,50,61,91,122,128,104,52,-13,-82,-147,-211,-273,-333,-371,-378,-353,-322,-300,-294,-302,-324,-364,-421,-481,-525,-542,-531,-500,-477,-478,-509,-563,-616,-644,-649,-634,-610,-593,-589,-592,-599,-610,-624,-643,-639,-614,-582,-550,-514,-477,-449,-432,-417,-397,-364,-326,-275,-208,-152,-109,-86,-85,-96,-113,-133,-143,-127,-92,-40,63,213,358,459,496,474,447,458,519,640,831,1110,1460,1853,2246,2515,2590,2493,};
uint16_t do3[168]={3869,3869,3527,2951,2371,1855,1418,1079,827,632,437,207,-55,-335,-598,-781,-857,-848,-803,-756,-712,-666,-609,-539,-465,-381,-287,-188,-98,-33,-10,-23,-52,-89,-120,-170,-254,-360,-494,-651,-813,-981,-1135,-1221,-1228,-1170,-1074,-969,-861,-744,-628,-506,-384,-276,-166,-67,-2,27,19,-13,-34,-39,-41,-29,-23,-40,-76,-144,-243,-344,-406,-387,-267,-104,44,134,173,161,142,171,280,478,773,1135,1489,1671,1514,1136,776,516,350,275,269,304,320,272,161,1,-173,-297,-335,-294,-226,-176,-157,-158,-162,-165,-167,-168,-156,-136,-111,-100,-124,-185,-265,-357,-445,-535,-644,-760,-874,-984,-1072,-1128,-1159,-1129,-1017,-847,-662,-503,-378,-284,-212,-156,-119,-91,-63,-39,-44,-84,-157,-258,-364,-452,-518,-558,-587,-620,-649,-688,-735,-769,-757,-661,-445,-152,145,410,647,852,1061,1322,1664,2094,2597,3127,3607,};
uint16_t mi3[133]={3401,3401,3262,2832,2315,1766,1276,907,626,426,263,81,-116,-323,-497,-596,-632,-596,-500,-400,-325,-274,-273,-331,-412,-483,-542,-584,-609,-651,-732,-846,-967,-1084,-1170,-1166,-1053,-893,-725,-560,-424,-334,-285,-252,-221,-181,-124,-68,-42,-46,-69,-114,-179,-232,-237,-199,-115,-14,53,91,116,146,216,343,565,874,1165,1410,1529,1368,1046,724,411,178,56,-5,-21,-30,-69,-133,-222,-289,-300,-275,-218,-141,-98,-91,-100,-145,-218,-284,-328,-359,-390,-432,-511,-637,-789,-941,-1081,-1174,-1163,-1052,-905,-763,-638,-545,-497,-473,-440,-385,-314,-233,-176,-175,-224,-306,-413,-521,-570,-532,-420,-242,-32,159,336,510,708,970,1327,1801,2345,2843,};
uint16_t fad3[119]={2355,2355,2401,2067,1597,1114,686,381,202,123,84,31,-22,-73,-116,-125,-75,24,100,122,112,60,-27,-121,-213,-311,-426,-552,-682,-826,-971,-1063,-1046,-921,-760,-608,-466,-336,-232,-143,-58,24,87,103,83,17,-111,-242,-316,-332,-316,-291,-259,-240,-237,-204,-89,137,457,814,1178,1404,1305,990,641,304,36,-125,-191,-201,-218,-256,-293,-317,-311,-255,-134,10,104,140,139,88,10,-67,-143,-238,-362,-499,-653,-829,-994,-1073,-1034,-914,-780,-649,-520,-396,-290,-189,-89,9,75,96,92,42,-54,-116,-126,-96,-54,-9,35,69,119,249,500,892,1363,1854,};
uint16_t do4[84]={2419,2419,2257,1871,1454,1104,873,755,690,619,518,355,137,-53,-171,-245,-308,-394,-515,-669,-832,-984,-1088,-1110,-1068,-987,-884,-792,-745,-734,-733,-696,-574,-388,-233,-139,-83,-53,-4,120,330,610,913,1090,999,723,431,195,42,-26,-50,-87,-159,-288,-472,-627,-689,-699,-706,-744,-824,-929,-1028,-1092,-1100,-1027,-889,-731,-574,-439,-354,-291,-232,-142,18,241,436,560,642,711,806,997,1311,1717,2141,};
uint16_t lad1[377]={91,91,87,86,91,102,119,138,147,142,125,92,49,-1,-56,-101,-133,-156,-169,-181,-201,-236,-294,-367,-445,-518,-557,-556,-519,-453,-373,-292,-223,-170,-141,-129,-111,-80,-14,114,287,491,720,936,1121,1265,1338,1357,1347,1320,1334,1424,1592,1835,2083,2261,2311,2187,1915,1588,1259,970,750,596,510,473,451,420,346,206,20,-170,-332,-445,-509,-530,-511,-468,-418,-385,-376,-397,-444,-497,-535,-544,-512,-442,-349,-251,-158,-91,-43,-9,6,8,8,5,3,7,19,31,45,54,56,53,43,28,15,6,1,4,5,3,8,9,7,-5,-35,-77,-122,-161,-183,-186,-181,-164,-151,-154,-171,-202,-241,-287,-330,-367,-391,-400,-405,-415,-430,-449,-472,-501,-533,-550,-544,-526,-497,-456,-413,-369,-338,-322,-317,-315,-310,-296,-279,-255,-229,-206,-180,-153,-133,-116,-100,-84,-64,-44,-33,-25,-26,-36,-42,-51,-59,-66,-70,-71,-67,-57,-41,-24,-13,-8,-10,-18,-27,-36,-48,-60,-70,-83,-91,-92,-86,-75,-60,-50,-43,-45,-54,-68,-88,-119,-145,-165,-172,-158,-137,-116,-107,-116,-128,-138,-143,-128,-88,-30,34,105,172,237,293,322,321,307,296,301,347,421,506,604,696,763,806,803,757,679,572,482,451,490,605,746,847,865,762,556,319,101,-66,-163,-206,-206,-175,-138,-103,-87,-112,-171,-233,-270,-272,-244,-189,-119,-43,23,64,73,61,27,-18,-57,-85,-91,-73,-43,-14,13,26,24,14,-7,-34,-57,-78,-101,-122,-137,-150,-158,-160,-159,-161,-165,-175,-180,-181,-176,-161,-143,-125,-106,-93,-89,-92,-105,-126,-152,-176,-181,-167,-143,-110,-74,-51,-43,-54,-81,-118,-152,-179,-205,-222,-231,-242,-251,-264,-287,-315,-348,-376,-393,-408,-412,-398,-377,-355,-340,-339,-345,-359,-376,-385,-391,-389,-383,-377,-362,-336,-310,-282,-259,-238,-216,-197,-183,-170,-162,-159,-152,-142,-129,-115,-95,-73,-46,-15,17,48,72,92,104,108,108,106,100,};
uint16_t si1[357]={3060,3060,2938,2677,2335,1965,1619,1314,1053,821,593,369,140,-88,-284,-439,-558,-650,-713,-764,-806,-847,-884,-902,-907,-883,-823,-732,-622,-511,-409,-321,-251,-205,-168,-132,-91,-35,43,134,222,293,341,366,361,331,292,248,207,169,133,99,67,33,-2,-39,-75,-106,-124,-126,-117,-97,-68,-36,-12,1,-5,-29,-61,-104,-146,-189,-233,-270,-300,-321,-325,-322,-320,-325,-345,-373,-404,-437,-467,-497,-528,-549,-557,-554,-555,-585,-619,-632,-615,-579,-527,-451,-365,-286,-225,-180,-151,-135,-126,-111,-80,-47,-20,4,34,56,60,56,43,16,-19,-54,-83,-109,-140,-168,-172,-172,-174,-168,-160,-162,-171,-186,-193,-191,-181,-160,-116,-60,-3,49,97,132,150,168,185,201,221,242,252,238,197,133,54,-40,-142,-239,-329,-400,-447,-473,-484,-489,-510,-556,-628,-715,-793,-844,-855,-804,-700,-577,-436,-297,-166,-20,153,372,667,1029,1423,1764,1967,2008,1929,1774,1590,1419,1273,1160,1064,972,875,760,638,522,419,314,218,119,19,-76,-172,-259,-332,-394,-439,-474,-503,-527,-552,-583,-601,-614,-623,-616,-594,-552,-487,-406,-319,-235,-167,-117,-81,-63,-52,-43,-35,-18,-1,15,27,38,42,44,44,50,64,87,125,174,226,279,323,352,359,343,305,256,196,134,72,16,-32,-71,-96,-112,-132,-157,-199,-256,-324,-408,-493,-576,-659,-726,-771,-797,-813,-845,-894,-929,-935,-912,-873,-820,-750,-675,-601,-534,-476,-430,-388,-352,-304,-241,-175,-115,-56,1,46,87,127,161,186,200,213,227,236,239,248,261,270,279,288,294,283,259,223,182,140,95,55,26,-2,-37,-78,-128,-194,-267,-335,-401,-458,-503,-539,-577,-621,-673,-723,-767,-808,-839,-851,-836,-783,-688,-559,-404,-244,-105,10,104,190,289,412,573,788,1022,1262,1498,1701,1868,2014,2148,2296,2474,2668,2846,};
uint16_t re2[300]={2637,2637,2438,2126,1680,1207,780,408,146,5,-54,-69,-74,-108,-198,-344,-525,-700,-822,-874,-866,-805,-719,-637,-575,-556,-570,-594,-613,-617,-602,-558,-468,-359,-261,-183,-126,-86,-68,-63,-40,12,74,129,164,183,187,183,170,167,174,193,212,198,146,75,-28,-169,-316,-456,-582,-697,-830,-973,-1122,-1284,-1426,-1513,-1529,-1463,-1330,-1156,-963,-787,-652,-547,-466,-389,-305,-230,-158,-88,-32,9,35,51,56,46,26,11,6,26,66,113,155,185,214,233,229,221,224,230,222,196,171,153,119,69,15,-36,-72,-103,-147,-202,-251,-280,-297,-312,-318,-322,-330,-352,-405,-462,-506,-554,-568,-531,-451,-305,-131,38,207,352,474,630,806,1005,1269,1583,1926,2248,2427,2404,2183,1777,1291,858,532,311,144,3,-98,-223,-421,-621,-780,-898,-936,-882,-769,-624,-482,-368,-304,-295,-318,-354,-369,-346,-283,-206,-137,-76,-29,-30,-71,-108,-130,-129,-118,-103,-44,41,79,81,84,86,76,60,77,132,194,250,284,286,271,246,204,160,130,125,128,105,50,-12,-93,-201,-316,-423,-505,-564,-640,-732,-833,-956,-1073,-1155,-1178,-1132,-1023,-886,-734,-594,-515,-460,-421,-401,-369,-347,-324,-299,-278,-267,-257,-256,-247,-224,-206,-174,-126,-59,30,119,191,246,291,317,314,292,273,252,214,151,90,31,-38,-100,-155,-202,-235,-266,-309,-368,-441,-508,-566,-626,-686,-737,-778,-819,-868,-916,-955,-1010,-1037,-1021,-962,-841,-682,-504,-290,-80,130,406,728,1080,1489,1936,2415,2887,3232,3397,3394,3228,3001,2834,2757,2747,2728,};
uint16_t fa2[252]={1696,1696,1700,1678,1535,1298,1007,710,460,273,165,129,129,122,86,42,-14,-106,-187,-249,-292,-288,-268,-230,-188,-176,-190,-223,-269,-298,-307,-298,-282,-274,-258,-270,-320,-385,-455,-507,-523,-503,-448,-371,-305,-262,-243,-245,-262,-278,-299,-332,-359,-399,-464,-557,-655,-729,-767,-751,-684,-595,-495,-414,-390,-387,-380,-395,-405,-373,-317,-242,-159,-95,-40,4,24,38,49,57,53,61,83,92,99,95,76,49,29,23,27,25,21,10,-7,-30,-48,-39,-36,-55,-60,-81,-145,-209,-255,-275,-252,-202,-125,-19,63,99,118,165,250,366,555,830,1120,1364,1496,1468,1292,966,593,358,246,179,185,230,203,97,-47,-196,-315,-392,-412,-367,-282,-202,-165,-134,-115,-136,-166,-192,-216,-200,-157,-102,-38,-6,-1,-15,-49,-76,-87,-73,-46,-22,15,38,28,-2,-52,-104,-140,-161,-158,-141,-129,-136,-151,-176,-210,-240,-273,-320,-368,-426,-508,-615,-724,-803,-838,-814,-736,-637,-528,-433,-395,-381,-366,-367,-362,-318,-248,-165,-69,3,55,89,80,67,64,53,36,30,33,17,-18,-73,-148,-234,-314,-367,-390,-391,-381,-361,-340,-324,-311,-282,-266,-272,-277,-292,-335,-377,-410,-413,-372,-311,-219,-97,6,84,166,271,410,592,857,1205,1573,1908,2149,2244,2206,2027,1789,1671,1670,};
uint16_t la2[200]={2655,2655,2718,2610,2256,1787,1307,870,538,308,142,26,-77,-194,-305,-413,-505,-573,-593,-550,-435,-296,-211,-171,-138,-121,-144,-173,-188,-193,-191,-170,-138,-102,-85,-102,-143,-188,-253,-349,-456,-539,-577,-594,-597,-578,-574,-606,-667,-777,-938,-1123,-1274,-1338,-1291,-1157,-957,-719,-487,-305,-191,-116,-60,-35,-20,19,78,139,186,213,217,185,107,32,-1,-33,-66,-68,-45,-16,18,37,32,23,-8,-45,-53,-60,-88,-111,-96,-57,-13,5,-20,-45,-33,-12,37,176,330,510,802,1051,1079,950,758,533,354,243,174,135,124,108,90,56,18,-17,-43,-40,21,121,189,224,260,292,292,273,238,190,128,64,4,-49,-104,-178,-265,-333,-401,-497,-609,-715,-784,-825,-844,-822,-775,-734,-702,-698,-743,-832,-923,-969,-937,-835,-682,-491,-303,-159,-84,-60,-60,-96,-161,-216,-251,-272,-293,-318,-342,-367,-418,-473,-489,-501,-530,-534,-500,-459,-395,-321,-246,-142,-37,61,197,357,485,598,742,932,1157,1376,1566,1752,1958,2151,2297,2452,2555,};
uint16_t si2[178]={3929,3929,3911,3556,3036,2451,1927,1546,1260,1034,847,630,373,92,-218,-505,-693,-768,-738,-626,-501,-410,-370,-380,-426,-477,-514,-520,-474,-393,-319,-279,-295,-350,-429,-509,-555,-570,-565,-562,-573,-627,-737,-891,-1064,-1198,-1246,-1194,-1065,-880,-705,-601,-563,-570,-574,-551,-474,-349,-196,-35,96,167,166,120,49,-4,-7,34,88,143,173,152,67,-63,-192,-284,-318,-270,-131,44,179,266,300,278,274,305,405,613,880,1170,1427,1486,1285,968,620,323,162,105,89,87,57,-30,-146,-297,-454,-538,-510,-393,-216,-31,106,174,180,148,107,77,72,109,179,230,229,153,16,-160,-338,-474,-554,-580,-582,-575,-592,-667,-795,-961,-1120,-1217,-1213,-1122,-952,-762,-619,-534,-496,-496,-500,-474,-422,-354,-286,-246,-246,-290,-376,-476,-558,-581,-552,-504,-461,-440,-457,-522,-616,-696,-715,-660,-518,-268,36,318,566,778,947,1145,1417,1769,2236,2773,3298,};
uint16_t fa3[126]={3012,3012,3067,2792,2390,1971,1564,1215,930,690,489,298,99,-110,-302,-424,-473,-471,-452,-436,-435,-463,-508,-555,-603,-632,-628,-620,-638,-688,-774,-900,-1020,-1061,-991,-852,-690,-559,-475,-430,-407,-385,-343,-282,-221,-169,-139,-145,-183,-245,-309,-342,-314,-231,-130,-47,15,68,138,246,393,613,885,1168,1410,1458,1252,966,705,485,328,229,156,102,53,-18,-113,-205,-247,-222,-160,-101,-59,-47,-76,-132,-190,-246,-291,-316,-337,-387,-475,-598,-765,-939,-1040,-1033,-942,-822,-729,-686,-680,-694,-700,-684,-640,-584,-534,-505,-508,-535,-575,-599,-576,-477,-310,-113,86,276,462,678,949,1274,1674,2126,2565,};
uint16_t la3[100]={2635,2635,2579,2254,1819,1393,1049,797,615,475,357,241,109,-51,-214,-350,-443,-497,-519,-525,-538,-576,-642,-755,-896,-1014,-1071,-1025,-885,-695,-495,-337,-235,-173,-151,-156,-181,-199,-188,-151,-89,-43,-37,-54,-88,-118,-116,-60,79,292,540,725,708,503,243,26,-106,-152,-143,-103,-63,-42,-51,-99,-163,-206,-212,-192,-176,-172,-199,-271,-382,-543,-737,-917,-1041,-1065,-989,-860,-711,-599,-540,-515,-508,-497,-475,-422,-326,-188,-24,133,262,381,504,650,844,1104,1451,1871,2294,};
uint16_t si3[89]={2383,2383,2426,2105,1643,1219,917,758,705,705,692,608,415,134,-130,-287,-335,-344,-372,-437,-550,-738,-984,-1213,-1332,-1294,-1136,-935,-755,-626,-542,-513,-547,-565,-498,-335,-147,-26,13,-2,-22,-7,74,264,564,910,1131,1050,740,409,157,21,-17,0,32,31,-35,-186,-377,-503,-523,-492,-492,-555,-664,-820,-1024,-1221,-1335,-1306,-1132,-892,-669,-519,-437,-391,-378,-364,-273,-61,228,476,616,670,679,707,808,1033,1406,1867,};
uint16_t re4[75]={2383,2383,2286,1876,1382,901,518,264,53,-150,-344,-508,-592,-574,-475,-344,-248,-224,-255,-293,-292,-232,-139,-60,-51,-144,-313,-478,-584,-609,-570,-521,-478,-441,-379,-189,118,464,794,904,683,330,-10,-287,-421,-460,-497,-535,-581,-597,-535,-401,-228,-82,-25,-70,-168,-262,-306,-291,-254,-239,-287,-400,-523,-587,-560,-437,-255,-57,150,361,645,1072,1563,2041,};
uint16_t fa4[63]={1883,1883,2034,1860,1478,1083,771,559,408,280,170,60,-49,-126,-169,-205,-261,-342,-409,-436,-475,-545,-619,-668,-673,-658,-646,-629,-593,-520,-362,-99,227,479,489,244,-88,-356,-519,-594,-628,-646,-655,-670,-661,-613,-542,-476,-436,-410,-351,-268,-208,-171,-129,-55,50,161,272,396,546,753,1060,1455,};
uint16_t dod2[318]={2437,2437,2069,1670,1327,1082,953,894,843,787,704,564,374,136,-131,-376,-558,-646,-640,-591,-531,-463,-421,-419,-443,-490,-542,-582,-597,-586,-546,-492,-440,-395,-364,-356,-362,-357,-326,-274,-209,-146,-103,-70,-29,15,51,73,92,112,122,102,72,45,9,-44,-102,-161,-205,-239,-284,-343,-409,-495,-601,-725,-853,-940,-966,-940,-888,-837,-803,-796,-823,-865,-889,-887,-859,-814,-754,-676,-600,-536,-475,-414,-378,-333,-275,-209,-139,-79,-31,-1,30,40,35,42,56,74,95,121,141,161,176,184,196,198,191,178,146,112,84,61,31,-11,-67,-120,-162,-186,-180,-167,-173,-179,-185,-190,-194,-197,-204,-205,-190,-156,-92,-12,62,108,104,79,67,58,64,122,237,430,705,992,1206,1295,1243,1058,803,576,461,466,538,648,780,914,998,993,887,700,503,344,238,206,221,236,243,242,198,116,6,-112,-208,-277,-290,-238,-191,-174,-154,-147,-171,-201,-239,-288,-322,-325,-310,-284,-269,-275,-289,-305,-321,-332,-320,-273,-205,-128,-56,-4,30,56,74,82,86,95,119,134,121,101,88,59,7,-47,-90,-111,-118,-143,-177,-219,-282,-367,-473,-590,-670,-690,-663,-619,-575,-556,-576,-640,-715,-780,-831,-861,-879,-875,-845,-809,-777,-728,-675,-631,-582,-531,-477,-423,-361,-299,-243,-191,-156,-131,-93,-45,0,50,96,132,160,177,190,204,207,194,167,117,55,0,-47,-88,-132,-178,-222,-255,-269,-258,-250,-275,-315,-361,-404,-429,-442,-444,-430,-401,-362,-313,-263,-225,-209,-229,-251,-238,-192,-97,74,327,667,1070,1454,1730,1854,1837,1719,1573,1487,1534,1704,1936,2191,2440,2646,2738,2678,};
uint16_t red2[283]={2343,2343,2497,2467,2241,1903,1514,1161,914,763,677,634,576,479,345,202,70,-48,-113,-107,-59,-7,43,83,107,106,78,40,-4,-59,-97,-108,-123,-140,-162,-197,-253,-315,-351,-358,-358,-347,-330,-313,-283,-256,-239,-224,-226,-240,-260,-274,-268,-257,-241,-227,-224,-219,-220,-239,-274,-312,-348,-376,-386,-392,-412,-439,-477,-547,-645,-767,-887,-979,-1012,-965,-846,-683,-520,-387,-293,-233,-193,-167,-150,-132,-125,-126,-127,-137,-155,-176,-193,-207,-221,-229,-225,-226,-233,-235,-244,-254,-259,-261,-250,-228,-201,-168,-133,-94,-54,-23,-7,-11,-27,-33,-20,10,62,129,190,235,256,244,198,131,47,-40,-96,-105,-75,3,99,153,167,186,186,168,195,271,428,681,988,1340,1629,1700,1554,1282,956,675,502,417,397,401,398,379,334,277,216,147,107,103,125,180,239,269,283,277,246,208,173,137,102,76,44,0,-48,-92,-136,-175,-198,-213,-224,-217,-201,-187,-175,-173,-187,-210,-236,-255,-263,-264,-256,-255,-257,-264,-272,-269,-278,-309,-344,-380,-411,-432,-431,-428,-451,-488,-553,-652,-773,-905,-1023,-1102,-1116,-1052,-920,-758,-603,-470,-376,-324,-302,-297,-298,-293,-293,-302,-319,-355,-407,-461,-503,-524,-534,-529,-510,-501,-500,-492,-488,-486,-482,-478,-466,-451,-423,-375,-312,-245,-187,-156,-156,-185,-222,-228,-211,-164,-83,11,104,193,278,354,400,415,407,376,365,398,501,673,860,1008,1122,1233,1316,1397,1508,1627,1773,1950,};
uint16_t sol2[224]={3827,3827,3636,3187,2646,2104,1628,1250,964,768,614,446,254,41,-162,-325,-428,-447,-390,-282,-164,-86,-49,-34,-52,-116,-210,-296,-351,-372,-386,-391,-389,-402,-435,-487,-550,-622,-687,-724,-729,-701,-638,-561,-494,-437,-398,-383,-398,-436,-479,-522,-557,-586,-619,-646,-665,-678,-644,-581,-510,-439,-379,-339,-306,-274,-246,-201,-152,-118,-106,-111,-145,-206,-268,-321,-368,-395,-381,-339,-290,-238,-175,-114,-72,-38,10,66,128,181,219,241,225,168,89,-5,-97,-164,-213,-224,-184,-103,-7,87,165,215,244,296,394,522,703,915,1117,1261,1247,1035,740,460,232,93,19,-7,-11,-37,-92,-174,-269,-341,-365,-326,-219,-82,58,167,223,250,250,211,144,64,-4,-51,-93,-128,-156,-181,-206,-223,-228,-227,-229,-225,-209,-186,-162,-144,-135,-149,-176,-224,-290,-362,-432,-497,-555,-598,-629,-654,-676,-682,-660,-593,-516,-447,-383,-337,-318,-316,-310,-307,-312,-337,-388,-462,-548,-644,-733,-786,-801,-771,-693,-578,-468,-380,-312,-263,-241,-240,-231,-206,-164,-110,-56,-20,-24,-74,-149,-229,-308,-356,-346,-279,-154,25,234,456,671,872,1065,1291,1602,1985,2421,2891,3330,};
uint16_t lad2[189]={2714,2714,2237,1735,1316,1023,880,817,803,811,793,742,652,523,380,266,203,174,146,118,94,40,-54,-185,-326,-422,-473,-483,-442,-379,-331,-299,-301,-343,-417,-503,-575,-611,-604,-571,-551,-558,-608,-708,-840,-976,-1074,-1080,-987,-813,-601,-430,-350,-363,-437,-521,-570,-582,-564,-507,-418,-331,-278,-274,-311,-366,-411,-416,-375,-308,-233,-160,-83,-23,-5,-25,-81,-154,-196,-183,-110,0,104,174,202,202,186,189,255,383,581,878,1198,1425,1508,1386,1051,665,366,175,106,122,173,244,285,275,228,140,35,-39,-56,-16,45,93,130,143,102,14,-109,-222,-284,-299,-265,-186,-111,-57,-27,-42,-106,-206,-311,-389,-428,-427,-412,-415,-446,-521,-643,-788,-920,-989,-961,-844,-664,-484,-375,-363,-430,-528,-606,-647,-661,-648,-600,-539,-499,-500,-539,-595,-642,-663,-635,-564,-463,-357,-263,-177,-113,-84,-87,-119,-128,-71,54,223,396,535,624,664,685,727,824,1011,1292,1679,2144,2568,2854,2936,};
uint16_t re3[150]={3500,3500,3289,2759,2163,1593,1108,770,527,340,212,93,-55,-229,-405,-538,-592,-566,-475,-347,-200,-64,38,90,91,43,-9,-38,-51,-50,-65,-121,-220,-364,-560,-805,-1075,-1320,-1471,-1473,-1332,-1123,-924,-783,-699,-661,-656,-664,-658,-626,-547,-409,-256,-129,-52,-31,-38,-71,-127,-195,-242,-235,-160,-53,54,122,131,122,125,157,250,387,602,947,1319,1609,1759,1624,1249,869,556,329,220,177,168,178,164,101,-8,-141,-238,-277,-273,-231,-166,-109,-77,-76,-115,-207,-340,-472,-561,-609,-619,-606,-609,-641,-711,-828,-1001,-1208,-1398,-1500,-1455,-1270,-1005,-733,-512,-349,-234,-160,-128,-113,-90,-48,22,90,125,110,43,-57,-181,-311,-438,-532,-553,-479,-336,-167,-14,99,220,381,590,871,1230,1679,2243,2815,3251,};
uint16_t red3[141]={2938,2938,2967,2678,2248,1777,1339,1009,781,621,515,436,346,232,90,-73,-216,-311,-348,-321,-245,-173,-136,-135,-174,-239,-305,-346,-351,-336,-309,-293,-332,-433,-589,-803,-1004,-1111,-1093,-959,-781,-620,-492,-411,-372,-349,-330,-309,-260,-178,-94,-44,-27,-45,-115,-216,-309,-392,-439,-415,-331,-236,-148,-93,-66,-47,-32,11,136,331,569,875,1133,1154,987,761,517,305,167,87,34,-11,-60,-122,-202,-304,-391,-426,-407,-341,-235,-127,-55,-18,-20,-71,-156,-239,-297,-325,-330,-321,-328,-389,-499,-658,-854,-1008,-1062,-995,-837,-666,-521,-414,-361,-345,-340,-343,-342,-310,-249,-191,-165,-175,-224,-294,-344,-359,-338,-274,-163,-20,121,234,318,400,501,642,865,1214,1655,2141,};
uint16_t sol3[112]={2448,2448,2313,1970,1584,1237,974,781,654,575,501,414,306,167,26,-88,-162,-208,-248,-289,-330,-396,-495,-619,-741,-837,-911,-958,-987,-997,-972,-925,-867,-790,-700,-603,-500,-405,-343,-321,-312,-305,-303,-297,-266,-203,-118,-43,7,38,54,93,167,287,487,749,1027,1210,1173,945,665,417,243,138,77,51,33,-1,-62,-147,-228,-276,-292,-293,-297,-305,-320,-358,-438,-542,-645,-737,-819,-888,-938,-981,-1006,-999,-960,-896,-814,-705,-571,-455,-373,-319,-281,-238,-191,-137,-46,81,225,357,460,543,614,705,853,1065,1350,1704,2086,};
uint16_t lad3[94]={1991,1991,1841,1437,992,623,370,235,178,171,201,217,188,113,22,-38,-60,-61,-60,-69,-105,-190,-322,-473,-605,-668,-638,-549,-437,-327,-242,-188,-162,-174,-220,-252,-238,-191,-154,-166,-218,-277,-320,-335,-290,-157,56,318,513,489,272,20,-173,-284,-314,-291,-245,-185,-139,-139,-180,-226,-235,-203,-168,-167,-203,-271,-365,-476,-586,-665,-674,-587,-443,-295,-170,-94,-67,-62,-61,-63,-39,30,116,178,190,164,138,155,232,394,673,1068,1524,};
uint16_t *arrayNotesA20[8] = {fad1,la1,do2,mi2,fad2,la2,do3,mi3,};
int taillesA20[8] = {476,400,337,267,238,200,168,133,};
uint16_t *arrayNotesB20[8] = {fad3,la3,do4,lad1,si1,re2,fa2,la2,};
int taillesB20[8] = {119,100,84,377,357,300,252,200,};
uint16_t *arrayNotesA27[8] = {si2,re3,fa3,la3,si3,re4,fa4,dod2,};
int taillesA27[8] = {178,150,126,100,89,75,63,318,};
uint16_t *arrayNotesB27[8] = {red2,sol2,lad2,re3,red3,sol3,lad3,};
int taillesB27[8] = {283,224,189,150,141,112,94,};
