uint16_t fad1[953]={-509,-509,-24,-519,-31,-528,-31,-530,-30,-527,-32,-526,-38,-525,-53,-530,-75,-541,-94,-549,-116,-558,-141,-565,-168,-576,-208,-593,-258,-622,-318,-659,-398,-710,-492,-776,-595,-850,-694,-921,-783,-980,-856,-1023,-921,-1055,-986,-1084,-1048,-1111,-1106,-1134,-1151,-1145,-1181,-1142,-1194,-1126,-1191,-1094,-1178,-1053,-1162,-1010,-1140,-968,-1120,-929,-1092,-894,-1049,-847,-989,-784,-915,-708,-838,-627,-774,-556,-730,-507,-695,-468,-661,-433,-613,-388,-555,-329,-493,-265,-442,-204,-411,-157,-407,-131,-429,-127,-459,-129,-481,-126,-478,-105,-447,-61,-390,6,-317,86,-242,170,-173,251,-114,324,-67,381,-24,431,22,480,78,532,149,598,234,675,326,754,413,830,487,892,542,938,585,972,617,996,643,1012,663,1016,673,1009,676,988,670,954,652,907,620,849,575,780,524,706,478,641,447,594,433,566,437,554,447,544,458,529,457,497,435,447,400,383,360,320,332,272,319,245,319,231,323,221,320,201,298,161,254,98,192,23,123,-55,54,-131,-13,-201,-78,-266,-139,-329,-201,-390,-270,-455,-350,-525,-444,-605,-543,-691,-634,-769,-699,-820,-726,-836,-714,-813,-678,-766,-638,-712,-599,-659,-570,-615,-548,-584,-522,-555,-480,-516,-416,-457,-325,-375,-216,-275,-102,-174,5,-81,101,2,178,66,229,101,250,104,251,83,239,54,229,30,232,23,242,29,247,32,247,31,235,18,207,-8,162,-48,108,-95,41,-145,-29,-190,-95,-227,-154,-255,-208,-281,-255,-309,-297,-335,-329,-355,-351,-366,-363,-365,-362,-353,-347,-331,-326,-303,-296,-269,-263,-231,-225,-189,-179,-138,-127,-82,-72,-21,-20,34,18,71,41,89,49,90,42,79,24,62,-3,38,-41,6,-83,-29,-118,-60,-132,-74,-137,-78,-148,-91,-174,-115,-233,-167,-326,-246,-430,-333,-526,-404,-592,-445,-610,-442,-589,-405,-550,-350,-496,-282,-450,-225,-408,-174,-372,-129,-353,-101,-329,-70,-298,-34,-265,7,-215,64,-167,122,-142,157,-152,153,-194,112,-262,41,-339,-41,-408,-115,-446,-158,-455,-174,-464,-194,-489,-235,-537,-302,-596,-387,-646,-462,-659,-505,-626,-500,-553,-453,-442,-366,-305,-256,-165,-144,-9,-19,152,111,303,235,459,361,610,487,754,607,900,731,1023,832,1104,892,1156,921,1172,915,1164,883,1143,841,1109,794,1067,740,1009,674,926,585,820,475,685,337,534,180,383,26,249,-113,143,-223,72,-296,30,-343,11,-366,6,-377,10,-376,19,-366,30,-356,39,-346,57,-330,76,-313,89,-304,101,-299,99,-303,84,-320,56,-346,9,-389,-49,-442,-120,-507,-206,-584,-299,-670,-398,-760,-512,-863,-640,-977,-769,-1094,-894,-1201,-999,-1290,-1080,-1355,-1141,-1396,-1187,-1420,-1219,-1428,-1236,-1417,-1231,-1384,-1201,-1329,-1152,-1253,-1088,-1164,-1017,-1070,-946,-979,-882,-894,-827,-818,-776,-747,-715,-664,-640,-569,-553,-465,-467,-366,-397,-287,-352,-233,-321,-197,-295,-166,-265,-127,-224,-76,-179,-21,-137,35,-101,87,-78,126,-68,156,-61,184,-44,223,-7,285,58,372,146,481,250,603,362,730,472,853,574,973,664,1081,743,1180,818,1273,894,1365,978,1460,1070,1558,1166,1652,1259,1737,1338,1809,1409,1873,1473,1931,1530,1987,1583,2034,1630,2070,1669,2098,1704,2115,1734,2123,1754,2117,1761,2093,1766,2065,1771,2039,1784,2023,1807,2020,1835,2027,1864,2036,1885,2039,1891,2026,1873,1986,1833,1918,1779,1832,1718,1738,1662,1652,1611,1576,1562,1504,1505,1429,1431,1337,1341,1230,1242,1110,1131,984,1016,857,904,733,794,615,685,500,581,389,479,281,376,171,273,64,170,-36,75,-127,-13,-203,-86,-265,-144,-311,-190,-350,-230,-384,-270,-419,-313,-456,-360,-492,-407,-530,-456,-567,-495,-594,-514,-606,-514,-604,-500,-593,-479,-583,-458,-573,-443,-569,-432,-570,-432,-581,-440,-602,-450,-626,-460,-652,-460,-671,-456,-686,-451,-696,-453,-708,-460,-721,-472,-731,-484,-740,-495,-749,-506,-755,-521,-763,-537,-767,-552,-766,-571,-762,-590,-757,-605,-746,-616,-732,-617,-710,-609,-681,-600,-649,-594,-620,-587,-592,-576,-562,-559,-534,-536,-501,-510,-462,-477,-416,-443,-364,-409,-310,-385,-266,-375,-242,-374,-234,-376,-235,-374,-237,-367,-235,-359,-224,-350,-210,-339,-189,-321,-162,-285,-118,-237,-67,-194,-22,-160,10,-153,17,-170,0,-198,-22,-218,-33,-213,-13,-172,49,-107,133,-34,221,44,311,100,379,134,422,149,448,136,442,126,437,128,439,140,448,176,478,218,514,238,526,226,511,188,466,121,392,53,316,11,259,11,240,51,262,99,290,122,296,118,277,93,235,68,192,65,171,100,187,165,235,250,303,338,375,404,429,467,476,527,520,578,552,634,587,681,614,718,632,760,656,786,672,784,657,764,625,723,566,671,492,629,426,595,370,564,320,527,268,474,200,404,118,316,18,214,-96,103,-219,-1,-336,-86,-429,-148,-500,-190,-551,-221,-590,-247,-627,-262,-655,-268,-675,-271,-686,-272,-691,};
uint16_t la1[801]={282,282,412,377,426,376,622,555,874,793,1172,1076,1563,1457,1840,1735,2033,1935,2122,2040,1955,1891,1762,1719,1569,1550,1384,1389,1343,1375,1220,1277,1030,1111,848,952,603,730,321,472,93,271,-169,34,-449,-235,-684,-462,-868,-641,-944,-720,-915,-694,-854,-635,-866,-648,-945,-731,-1093,-882,-1282,-1074,-1465,-1256,-1558,-1347,-1557,-1352,-1528,-1340,-1475,-1313,-1388,-1259,-1330,-1237,-1310,-1248,-1276,-1237,-1248,-1220,-1158,-1140,-998,-995,-769,-787,-457,-507,-117,-201,208,94,449,309,575,415,631,456,619,431,604,404,667,458,740,528,802,586,838,622,807,595,704,496,526,324,353,166,280,115,330,195,505,409,750,693,988,965,1174,1184,1254,1290,1227,1289,1168,1255,1108,1221,1086,1234,1143,1330,1241,1468,1369,1631,1482,1766,1545,1835,1568,1852,1569,1833,1586,1824,1612,1819,1669,1847,1763,1913,1856,1977,1907,1998,1871,1930,1746,1770,1557,1548,1290,1250,971,901,658,559,390,261,188,29,70,-122,37,-192,36,-228,24,-269,-15,-329,-94,-412,-181,-490,-241,-530,-259,-510,-202,-415,-93,-268,33,-97,163,79,273,237,356,372,393,465,368,493,317,499,293,528,314,600,388,717,502,866,614,1005,677,1078,656,1051,520,897,279,631,26,356,-118,189,-129,152,23,275,315,530,638,816,891,1027,1035,1127,1107,1155,1138,1139,1117,1072,1060,970,1009,877,930,755,751,538,541,294,375,98,172,-131,-70,-396,-284,-623,-474,-818,-607,-946,-653,-980,-635,-947,-547,-845,-420,-707,-287,-560,-205,-461,-164,-394,-155,-358,-205,-369,-261,-387,-346,-431,-448,-487,-559,-559,-707,-673,-851,-801,-966,-911,-1067,-1013,-1146,-1095,-1216,-1161,-1301,-1242,-1352,-1292,-1366,-1307,-1362,-1314,-1292,-1258,-1168,-1153,-1044,-1045,-912,-922,-773,-787,-676,-686,-597,-598,-510,-496,-449,-408,-427,-352,-448,-337,-519,-378,-639,-478,-794,-621,-1016,-837,-1325,-1143,-1767,-1582,-2298,-2115,-2697,-2528,-2837,-2686,-2842,-2718,-2577,-2493,-2136,-2087,-1785,-1775,-1403,-1427,-973,-1020,-444,-497,164,117,714,679,1164,1142,1388,1373,1413,1395,1380,1357,1220,1188,1136,1100,1038,990,905,840,942,857,976,868,1098,972,1263,1119,1328,1173,1385,1226,1327,1171,1105,953,950,804,806,670,774,651,849,742,818,734,746,689,634,608,432,442,222,270,38,127,-206,-78,-453,-295,-675,-498,-840,-649,-901,-705,-858,-666,-795,-611,-783,-611,-804,-640,-861,-705,-920,-768,-933,-779,-830,-669,-660,-492,-483,-317,-284,-134,-70,52,84,170,199,249,284,308,323,331,379,382,438,434,521,508,641,610,767,706,875,781,915,791,888,740,825,660,714,536,643,453,627,425,593,376,539,308,443,199,282,29,59,-194,-208,-460,-428,-670,-546,-767,-545,-734,-434,-584,-299,-407,-194,-264,-151,-190,-209,-223,-326,-319,-434,-405,-507,-457,-495,-421,-400,-294,-271,-130,-139,40,-48,161,-7,216,8,235,31,248,81,281,154,333,273,425,418,547,536,643,585,664,521,576,365,388,133,124,-179,-219,-523,-593,-847,-946,-1107,-1238,-1291,-1455,-1389,-1584,-1416,-1647,-1430,-1694,-1454,-1749,-1510,-1834,-1606,-1951,-1705,-2058,-1797,-2146,-1856,-2185,-1875,-2171,-1879,-2141,-1865,-2090,-1839,-2022,-1801,-1939,-1754,-1841,-1722,-1756,-1698,-1670,-1641,-1549,-1521,-1364,-1322,-1099,-1071,-790,-798,-465,-563,-192,-426,-28,-413,-7,-538,-136,-763,-373,-945,-572,-991,-638,-880,-546,-568,-260,-113,158,366,595,758,946,1055,1203,1293,1403,1492,1563,1629,1658,1730,1717,1821,1767,1832,1734,1706,1567,1554,1375,1393,1178,1138,886,837,553,553,243,286,-42,101,-235,2,-331,-19,-342,40,-272,141,-161,261,-29,342,65,427,166,487,246,520,305,552,375,545,410,516,430,450,410,333,334,225,254,145,183,81,118,58,89,50,79,63,95,151,185,266,303,400,434,563,588,702,712,780,770,815,791,821,787,798,762,808,779,861,844,927,930,996,1031,1036,1110,987,1102,843,995,603,778,243,426,-250,-60,-885,-692,-1521,-1323,-1905,-1705,-2086,-1889,-2117,-1930,-1874,-1708,-1649,-1513,-1507,-1403,-1329,-1258,-1101,-1062,-750,-729,-376,-361,-46,-31,203,222,248,270,241,257,183,186,120,107,181,155,158,115,262,194,};
uint16_t do2[674]={0,0,0,1,0,0,0,0,0,1,-1,-1,0,0,0,0,0,-1,-1,0,1,0,0,0,-1,0,1,0,0,0,0,1,0,1,0,0,1,-1,0,-1,0,0,0,0,0,0,0,0,0,0,1,0,0,0,0,0,0,0,-1,0,0,0,-1,0,0,0,0,1,0,-1,0,0,1,0,0,0,0,0,0,0,0,0,0,-1,0,0,0,0,-1,0,1,0,1,0,0,0,0,-1,0,0,0,-1,0,0,0,0,-1,0,0,0,0,0,0,1,0,0,0,0,0,0,0,0,1,-1,0,0,0,-1,1,0,0,0,0,-1,1,0,0,1,0,0,1,0,0,0,0,0,0,0,0,0,1,0,0,0,0,-1,0,0,0,1,0,0,0,-1,0,0,0,0,0,0,1,0,-1,0,0,0,0,-1,0,0,0,0,-1,1,-1,1,0,1,0,0,-1,0,0,0,1,0,0,-1,1,0,0,0,0,0,1,0,0,0,0,0,-1,1,0,0,0,1,0,1,0,0,0,0,0,0,0,0,0,0,0,0,0,0,0,1,0,1,0,0,0,-1,-1,1,0,1,0,0,0,0,0,1,0,0,0,-1,0,1,0,1,0,-1,-1,0,-1,0,1,0,0,0,0,-1,0,0,-1,1,0,0,0,0,-1,0,1,0,0,-1,-1,0,0,0,1,0,-1,0,0,0,0,0,-1,1,0,0,-1,0,0,0,0,0,0,0,0,0,0,0,0,1,0,-1,0,0,0,0,-1,1,1,0,0,0,1,0,0,0,0,0,-1,0,0,-1,0,-1,0,-1,0,0,1,0,1,0,0,-1,0,1,0,0,0,0,0,0,0,0,0,0,0,0,0,-1,1,0,0,0,0,0,-1,0,0,0,0,0,0,0,-1,0,0,-1,0,0,0,0,0,0,0,0,0,0,0,0,1,-1,0,0,0,0,0,-1,0,0,0,1,0,0,0,-1,1,0,0,0,0,-1,0,0,0,0,0,0,0,1,-1,0,0,0,1,0,-1,0,0,-1,0,0,0,0,-1,-1,-1,0,0,0,0,-1,0,0,0,1,0,1,0,0,0,0,0,0,0,-1,-1,0,0,0,0,0,0,1,0,-1,0,0,1,0,-1,0,0,0,1,1,0,0,0,-1,0,0,-1,0,0,0,0,1,-1,0,0,0,0,0,-1,0,0,1,0,1,0,0,0,1,0,0,0,0,0,0,1,0,0,0,0,0,0,0,0,0,0,0,0,0,0,0,0,0,0,0,-1,0,0,0,0,0,0,1,0,0,0,0,0,0,0,0,0,0,0,-1,0,0,0,0,0,-1,0,0,0,0,0,0,0,0,0,0,0,1,0,0,0,0,0,-1,-1,0,0,0,0,0,0,0,0,0,0,0,0,-1,0,0,0,1,0,0,-1,1,0,0,1,0,0,0,0,-1,0,-1,1,0,0,0,0,1,-1,1,0,-1,1,1,0,1,1,-1,0,-1,0,1,0,0,-1,0,0,0,-1,0,0,1,1,0,0,0,0,0,0,0,0,0,1,0,0,0,0,0,1,0,0,0,0,0,1,0,0,0,0,0,0,0,0,-1,0,0,0,};
uint16_t mi2[535]={0,0,1,0,-1,0,1,0,0,0,0,0,0,0,1,0,-1,1,0,0,0,0,0,0,0,0,0,-1,1,0,0,0,0,0,0,0,0,1,0,0,0,0,0,-1,0,0,0,0,0,0,0,0,0,0,-1,1,0,0,-1,0,0,0,0,0,0,0,0,0,0,0,0,1,1,0,0,-1,-1,-1,1,0,0,0,-1,0,0,-1,0,1,0,-1,0,0,-1,0,0,1,0,0,0,0,-1,0,0,1,-1,1,0,0,1,0,-1,0,-1,0,-1,1,0,0,0,0,0,0,0,0,0,0,0,0,0,0,-1,0,1,0,0,0,0,0,0,1,0,1,0,0,-1,0,0,1,1,0,0,0,1,-1,0,0,0,-1,0,0,0,0,0,-1,0,0,0,0,0,0,-1,0,-1,-1,-1,0,0,1,-1,0,0,1,0,0,-1,0,0,0,0,0,0,1,0,-1,0,0,0,0,0,0,0,-1,0,1,0,-1,0,0,0,0,0,0,0,1,0,0,0,1,0,0,0,0,0,0,-1,0,0,0,1,1,1,0,0,0,1,0,0,0,0,0,0,0,0,0,0,0,0,0,1,1,1,0,0,0,0,0,0,-1,0,0,0,0,0,1,-1,0,0,-1,0,0,0,-1,0,0,0,0,0,0,0,0,0,0,0,0,0,0,0,-1,1,0,0,0,0,1,0,1,0,1,0,-1,0,-1,0,0,0,0,0,0,0,0,0,0,0,0,0,0,0,0,0,0,0,0,0,0,0,0,0,0,0,0,-1,0,0,0,0,0,0,1,0,-1,0,0,0,0,-1,0,1,1,1,0,0,0,0,0,1,0,0,0,0,1,0,0,0,0,0,1,-1,0,0,0,-1,-1,0,-1,0,0,0,0,1,0,-1,0,1,0,0,0,0,0,0,0,-1,0,0,0,0,-1,0,0,1,0,0,0,0,0,0,-1,1,0,0,-1,0,0,-1,0,0,-1,0,0,0,0,1,0,0,0,1,0,1,0,0,-1,-1,-1,-1,0,-1,0,1,-1,0,0,0,0,0,0,-1,0,0,1,-1,0,-1,0,0,0,-1,1,0,0,0,1,0,0,1,0,0,1,0,0,0,-1,-1,1,0,1,-1,0,0,1,0,0,0,0,0,-1,0,0,0,0,0,0,0,0,0,0,0,0,0,0,0,1,0,-1,0,0,0,0,1,0,0,0,0,-1,0,0,0,0,0,0,0,0,0,-1,1,-1,0,0,0,0,0,0,0,0,0,0,1,0,};
uint16_t fad2[476]={-3832,-3832,-3811,-3821,-3653,-3664,-3648,-3660,-3813,-3829,-3865,-3885,-3853,-3881,-3852,-3881,-3900,-3929,-3784,-3818,-3521,-3551,-3374,-3398,-3278,-3302,-3198,-3228,-3148,-3184,-3055,-3093,-2916,-2962,-2753,-2802,-2545,-2590,-2311,-2350,-2125,-2158,-1942,-1970,-1762,-1786,-1544,-1565,-1246,-1265,-1011,-1028,-827,-840,-596,-604,-406,-412,-376,-385,-381,-394,-305,-327,-161,-195,16,-30,218,161,465,398,716,643,940,862,1139,1055,1247,1155,1445,1348,1723,1626,1839,1737,1963,1856,2212,2105,2419,2319,2521,2434,2614,2535,2763,2699,2897,2849,2992,2950,3160,3118,3399,3359,3551,3512,3553,3511,3496,3459,3398,3369,3232,3213,3075,3066,2961,2951,2845,2836,2744,2735,2707,2698,2754,2746,2786,2782,2758,2763,2707,2720,2701,2720,2768,2800,2863,2903,2948,2992,2997,3051,2959,3019,2826,2886,2640,2699,2416,2472,2185,2231,1981,2021,1804,1843,1619,1657,1417,1455,1211,1246,951,981,635,654,333,340,74,69,-147,-156,-277,-280,-295,-291,-231,-218,-118,-91,-13,19,33,64,47,80,54,90,47,86,32,79,33,91,79,149,116,196,58,142,-51,31,-177,-96,-347,-269,-558,-485,-804,-732,-1116,-1042,-1530,-1457,-1852,-1779,-1905,-1835,-2007,-1944,-2345,-2288,-2419,-2365,-2173,-2124,-2284,-2242,-2611,-2570,-2641,-2598,-2737,-2697,-3012,-2973,-3130,-3085,-3003,-2957,-2734,-2689,-2651,-2603,-2665,-2616,-2544,-2491,-2314,-2267,-2152,-2107,-2233,-2186,-2211,-2165,-2096,-2054,-2249,-2210,-2521,-2484,-2785,-2756,-3016,-3000,-3088,-3080,-3069,-3067,-2919,-2927,-2543,-2554,-2040,-2046,-1714,-1716,-1505,-1504,-1344,-1339,-1321,-1313,-1252,-1245,-1176,-1171,-1128,-1121,-952,-942,-646,-634,-427,-418,-303,-298,-60,-60,188,177,231,207,192,154,181,133,183,122,153,84,55,-21,-63,-146,-13,-101,57,-35,-57,-154,-54,-156,95,-13,118,5,47,-60,-40,-142,-55,-150,68,-17,234,153,401,319,651,568,926,838,1185,1090,1410,1312,1534,1442,1530,1442,1506,1423,1562,1481,1669,1587,1779,1691,1898,1808,2093,1999,2258,2164,2283,2195,2231,2153,2249,2178,2286,2224,2296,2248,2391,2351,2591,2559,2787,2773,2953,2950,3109,3117,3223,3242,3315,3339,3416,3444,3481,3517,3536,3581,3609,3664,3637,3702,3562,3635,3428,3501,3295,3367,3118,3185,2872,2936,2677,2748,2542,2623,2387,2479,2248,2354,2162,2278,2031,2148,1872,1988,1691,1803,1409,1517,1082,1185,771,878,460,568,75,187,-331,-223,-705,-610,-1084,-1000,-1422,-1350,-1696,-1635,-1962,-1911,-2275,-2229,-2652,-2610,-2912,-2873,-2905,-2863,-2948,-2910,-3227,-3197,-3227,-3197,-2918,-2888,-3029,-3009,-3371,-3357,-3366,-3350,-3385,-3372,-3619,-3614,-3756,};
uint16_t do3[337]={1697,1697,1560,2647,2540,3335,3260,3527,3472,3165,3116,2410,2359,1630,1582,1146,1112,1218,1200,1887,1882,2779,2788,3331,3355,3314,3361,2920,2991,2433,2523,2077,2173,1973,2071,1920,2020,1625,1728,965,1075,54,163,-868,-765,-1554,-1461,-1825,-1738,-1970,-1892,-2309,-2241,-2732,-2672,-2961,-2901,-2974,-2899,-2910,-2819,-2841,-2735,-2737,-2620,-2367,-2246,-1712,-1589,-1096,-961,-792,-637,-897,-730,-1244,-1081,-1516,-1364,-1648,-1494,-1704,-1536,-1774,-1596,-1965,-1799,-1887,-1747,-1196,-1082,-518,-422,-520,-430,-700,-615,-522,-448,1,65,688,744,1098,1148,1145,1196,1463,1512,2347,2384,3430,3449,4129,4127,3909,3892,2893,2863,1745,1698,917,848,453,359,317,201,317,188,237,102,202,58,349,187,538,362,511,330,102,-84,-663,-859,-1309,-1522,-1471,-1693,-1284,-1496,-848,-1043,-337,-509,-69,-225,-167,-315,-494,-638,-789,-919,-867,-988,-734,-852,-408,-531,118,-11,675,544,934,818,710,609,12,-92,-1020,-1141,-2111,-2254,-2974,-3130,-3264,-3408,-2726,-2849,-1585,-1684,-403,-477,315,270,532,525,556,587,626,690,993,1077,1677,1774,2327,2436,2661,2782,2593,2724,2358,2496,2227,2362,2351,2485,2577,2713,2649,2788,2595,2736,2535,2676,2561,2709,2727,2889,2977,3158,3089,3286,3001,3207,2904,3106,2807,2996,2643,2831,2331,2526,1798,1991,1323,1504,1186,1353,1266,1433,1306,1492,1005,1203,383,566,198,352,670,790,788,883,192,274,-359,-281,-596,-525,-744,-686,-1088,-1048,-1932,-1912,-2900,-2895,-3233,-3239,-2978,-2997,-2555,-2589,-2357,-2400,-2783,-2824,-3620,-3655,-4240,-4273,-4442,-4486,-4410,-4468,-4251,-4326,-4125,-4211,-3968,-4060,-3569,-3670,-2898,-3017,-2260,-2398,-1960,-2108,-1948,-2101,-2139,-2307,-2283,-2474,-2120,-2328,-1609,-1818,-783,-979,125,-56,781,609,1036,865,1003,832,808,644,509,353,363,204,607,443,1274,1103,2205,};
uint16_t mi3[267]={-486,-486,-673,-676,-854,-858,-1032,-1038,-1363,-1371,-1760,-1771,-1925,-1938,-1600,-1611,-834,-838,-92,-91,88,91,-31,-28,-6,-6,-324,-326,-922,-930,-1041,-1050,-735,-742,-399,-405,-3,-7,330,328,487,483,824,821,1332,1333,1552,1555,1525,1527,1474,1476,1271,1269,830,826,381,372,149,140,105,94,152,143,183,173,65,56,-173,-181,-315,-323,-318,-323,-122,-123,373,379,942,953,1269,1285,1423,1441,1597,1617,1909,1931,2362,2388,2687,2716,2758,2788,2747,2776,2747,2776,2773,2802,2812,2841,2761,2789,2538,2563,2101,2122,1470,1485,862,871,548,553,510,511,545,545,629,629,867,868,1217,1221,1475,1481,1508,1514,1328,1332,1103,1106,1006,1006,915,915,683,683,380,376,-30,-35,-651,-661,-1286,-1300,-1496,-1511,-1055,-1066,-205,-208,377,378,302,305,151,153,12,13,-696,-699,-1524,-1535,-1887,-1902,-2071,-2086,-2311,-2330,-2455,-2475,-2504,-2523,-2369,-2389,-1985,-2002,-1756,-1771,-1910,-1928,-2187,-2206,-2510,-2533,-3003,-3030,-3649,-3682,-4164,-4200,-4474,-4514,-4913,-4956,-5510,-5558,-5677,-5725,-4937,-4979,-3732,-3764,-2704,-2726,-2280,-2298,-2233,-2250,-2108,-2123,-1952,-1964,-1588,-1596,-677,-677,346,352,1050,1061,1475,1487,1746,1760,2114,2132,2495,2516,2735,2758,3059,3085,3316,3344,3159,3185,2870,2894,2760,2784,2782,2809,2740,2766,2394,2419,1728,1746,954,968,412,421,290,300,420,433,469,481,255,267,-95,-85,-316,-308,-434,-427,};
uint16_t fad3[238]={-666,-666,-280,-286,392,393,1096,1102,1630,1640,1927,1940,1958,1971,1798,1809,1711,1722,2000,2013,2445,2462,2550,2568,2025,2039,855,860,-379,-384,-1046,-1056,-1175,-1186,-1091,-1101,-1121,-1130,-1540,-1553,-2166,-2184,-2645,-2665,-2927,-2951,-3098,-3123,-3186,-3211,-3098,-3123,-2520,-2539,-1157,-1164,606,613,1587,1602,1405,1419,1080,1091,822,832,386,392,597,606,1563,1580,2460,2484,2790,2816,2288,2310,1336,1349,1104,1118,1872,1890,2871,2898,3703,3736,3898,3933,3161,3190,2224,2245,1921,1940,2543,2566,3741,3774,4564,4603,4635,4673,4424,4461,4103,4137,3640,3669,3291,3317,3121,3146,2950,2973,2545,2564,1923,1938,1362,1371,1043,1049,904,909,708,712,421,422,168,167,-95,-100,-352,-358,-381,-388,-136,-141,-16,-20,-286,-293,-829,-840,-1305,-1319,-1248,-1262,-582,-591,211,209,708,710,765,768,407,405,-137,-141,-669,-678,-1206,-1219,-1804,-1820,-2391,-2412,-2648,-2670,-2177,-2195,-1040,-1049,-111,-112,-490,-493,-1791,-1805,-3097,-3120,-4821,-4858,-6270,-6317,-5692,-5736,-3933,-3963,-2398,-2414,-1866,-1877,-3178,-3201,-5163,-5200,-5966,-6009,-5249,-5287,-3262,-3284,-1098,-1102,-254,-252,-658,-657,-1623,-1631,-2394,-2409,-2089,-2102,-924,-927,230,236,926,936,981,991,444,451,-90,-89,-206,-205,-203,-202,-428,-430,-685,-689,-656,};
uint16_t do4[168]={3526,3526,3553,4151,4184,4673,4709,4867,4906,4779,4818,4556,4593,4185,4218,3654,3684,3082,3106,2491,2512,1986,2002,1692,1705,1427,1438,1137,1147,1057,1065,1000,1007,567,572,-102,-103,-673,-679,-1108,-1118,-1408,-1420,-1737,-1750,-2277,-2295,-2750,-2773,-2923,-2945,-2825,-2848,-2628,-2649,-2326,-2344,-1719,-1733,-823,-831,129,130,986,995,1715,1728,2308,2327,2781,2803,3060,3083,3100,3125,3029,3052,2983,3007,3119,3144,3489,3516,3761,3790,3703,3732,3423,3449,3003,3026,2458,2477,1845,1860,1309,1318,949,958,571,576,-75,-77,-931,-939,-1663,-1676,-2069,-2085,-2396,-2415,-2820,-2842,-3115,-3140,-3272,-3298,-3545,-3574,-3923,-3955,-4250,-4284,-4490,-4526,-4592,-4629,-4763,-4800,-5309,-5350,-6023,-6071,-6339,-6390,-6162,-6211,-5689,-5734,-4904,-4944,-3906,-3937,-2823,-2846,-1945,-1959,-1430,-1442,-1041,-1050,-561,-564,152,154,923,929,1369,1380,1640,1653,1949,1965,2254,2273,2581,2602,2948,2971,};
uint16_t lad1[754]={-858,-858,-857,-1056,-1064,-1193,-1212,-1226,-1256,-1237,-1278,-1231,-1282,-1180,-1240,-1066,-1130,-880,-944,-719,-780,-622,-676,-553,-599,-502,-534,-440,-453,-287,-283,-10,11,325,358,701,747,1070,1126,1380,1437,1643,1697,1833,1875,1936,1960,2050,2053,2208,2191,2360,2327,2466,2416,2494,2429,2419,2339,2241,2144,2003,1887,1782,1649,1598,1451,1428,1274,1278,1119,1170,1010,1105,944,1048,890,984,832,933,791,927,798,977,865,1113,1013,1355,1269,1683,1616,2040,1994,2351,2322,2568,2556,2704,2704,2784,2792,2823,2834,2826,2844,2792,2818,2720,2754,2592,2632,2405,2450,2194,2238,1994,2044,1802,1855,1606,1657,1425,1468,1292,1323,1231,1249,1233,1242,1291,1295,1369,1373,1448,1451,1537,1534,1620,1609,1704,1684,1797,1764,1863,1824,1875,1835,1808,1773,1668,1643,1493,1481,1296,1296,1090,1096,882,889,672,673,460,450,254,234,34,3,-211,-252,-437,-485,-601,-655,-683,-748,-670,-749,-581,-679,-455,-566,-314,-434,-197,-322,-130,-253,-110,-228,-111,-222,-119,-218,-126,-207,-129,-189,-118,-154,-88,-102,-52,-48,-20,-3,-11,14,-44,-17,-124,-102,-225,-208,-328,-316,-440,-431,-560,-549,-699,-687,-856,-840,-1014,-996,-1172,-1157,-1341,-1329,-1529,-1508,-1729,-1697,-1930,-1880,-2139,-2059,-2340,-2228,-2502,-2364,-2610,-2452,-2665,-2498,-2700,-2535,-2737,-2576,-2765,-2613,-2796,-2658,-2848,-2729,-2918,-2822,-3028,-2962,-3189,-3150,-3382,-3370,-3613,-3630,-3883,-3929,-4139,-4213,-4285,-4376,-4261,-4362,-4023,-4127,-3560,-3662,-2993,-3092,-2478,-2573,-2024,-2113,-1667,-1744,-1408,-1468,-1149,-1188,-940,-963,-847,-856,-915,-918,-1184,-1188,-1664,-1678,-2017,-2043,-2119,-2162,-2006,-2064,-1601,-1677,-1139,-1225,-771,-871,-501,-615,-164,-288,285,147,717,570,1164,1012,1548,1397,1798,1663,2088,1984,2268,2204,2405,2388,2648,2677,2670,2735,2608,2705,2654,2777,2676,2815,2709,2861,2768,2922,2817,2962,2853,2982,2732,2849,2477,2581,2288,2383,2149,2235,2008,2090,1891,1965,1822,1891,1741,1806,1671,1731,1628,1681,1545,1589,1461,1497,1330,1360,1149,1170,1021,1031,936,933,840,827,806,782,787,753,689,640,531,466,346,268,177,89,40,-52,-102,-191,-193,-276,-190,-261,-122,-177,7,-27,258,247,579,589,928,956,1336,1381,1726,1787,2070,2140,2370,2445,2578,2655,2723,2791,2841,2895,2892,2924,2852,2858,2709,2689,2478,2431,2179,2111,1856,1770,1573,1471,1372,1255,1237,1108,1161,1022,1133,992,1146,1006,1170,1036,1162,1038,1115,999,1058,951,1007,909,982,893,1020,944,1121,1061,1251,1208,1362,1343,1398,1398,1328,1347,1195,1229,1036,1074,872,907,710,740,550,577,382,404,184,203,-53,-35,-295,-277,-514,-490,-709,-678,-864,-835,-965,-945,-998,-988,-938,-941,-802,-812,-627,-632,-424,-421,-205,-195,-11,3,140,156,269,284,378,386,463,467,516,521,518,526,494,510,455,479,392,425,325,362,268,297,215,230,164,160,106,85,6,-29,-118,-164,-222,-278,-297,-360,-320,-395,-303,-395,-284,-395,-250,-376,-205,-346,-180,-328,-170,-324,-160,-313,-136,-286,-90,-229,-1,-125,142,37,318,240,480,436,607,596,702,721,752,798,752,818,727,805,700,789,666,766,618,734,531,666,397,551,227,396,24,202,-189,-10,-390,-216,-583,-407,-758,-576,-910,-715,-1041,-822,-1130,-888,-1177,-916,-1204,-932,-1230,-956,-1291,-1027,-1368,-1119,-1435,-1206,-1504,-1302,-1593,-1421,-1703,-1564,-1835,-1736,-2008,-1949,-2228,-2208,-2476,-2494,-2707,-2761,-2844,-2924,-2840,-2937,-2670,-2774,-2305,-2411,-1860,-1961,-1494,-1588,-1226,-1310,-1076,-1147,-1030,-1084,-996,-1027,-1010,-1015,-1120,-1095,-1356,-1305,-1756,-1683,-2373,-2287,-2943,-2852,-3265,-3173,-3424,-3337,-3293,-3216,-2932,-2868,-2603,-2551,-2385,-2347,-2170,-2145,-1885,-1866,-1599,-1587,-1310,-1304,-989,-991,-775,-785,-570,-579,-388,-387,-351,-335,-248,-206,-256,-188,-441,-351,-565,-456,-710,-586,-888,-754,-1075,-935,-1331,-1188,-1606,-1473,-1946,-1829,-2409,-2309,-2762,-2681,-2900,-2833,-2865,-2805,-2639,-2583,-2244,-2195,-1795,-1752,-1400,-1370,-1054,-1037,-826,-823,-714,-723,-701,-719,-807,-834,-936,-970,};
uint16_t si1[714]={-1,-1,0,-1,0,1,1,0,0,-1,0,0,1,0,0,0,0,-1,0,0,0,0,-1,0,-1,0,0,0,-1,0,0,-1,-1,1,0,0,-1,-1,0,0,0,0,0,0,-1,0,0,0,0,0,0,-1,0,0,0,1,0,0,0,0,0,0,0,0,0,1,1,0,0,0,0,0,0,1,1,0,-1,0,0,0,0,0,0,1,1,0,0,0,-1,0,1,1,0,0,0,0,0,0,0,0,0,0,0,0,0,0,1,0,0,-1,0,0,0,0,-1,0,0,0,0,-1,0,0,1,0,1,0,0,0,0,0,1,0,0,1,0,0,0,-1,0,1,0,0,0,0,0,0,1,0,0,-1,0,0,0,0,0,-1,0,-1,-1,1,0,0,0,0,0,0,0,0,1,0,-1,0,1,1,0,0,0,0,0,-1,0,1,0,-1,0,0,1,0,0,0,0,0,0,0,0,0,0,0,0,1,-1,0,1,0,0,0,0,0,0,-1,0,0,0,0,0,0,0,-1,0,0,0,0,0,0,1,0,0,0,0,0,1,0,1,-1,0,0,1,0,0,0,0,0,0,0,0,0,0,-1,1,0,0,-1,0,1,-1,0,0,0,0,-1,0,0,-1,-1,-1,0,1,1,0,0,0,-1,0,0,0,0,0,-1,0,1,0,0,0,0,0,1,0,0,0,0,-1,-1,0,0,0,1,0,0,-1,0,-1,0,-1,0,0,0,0,0,0,0,0,0,0,0,-1,0,0,0,0,0,0,0,0,1,0,0,0,0,0,0,0,1,1,0,-1,0,0,-1,0,0,1,-1,0,0,-1,-1,1,0,0,0,-1,0,1,0,1,0,0,0,0,0,0,1,-1,0,0,-1,0,0,0,0,0,0,0,1,0,0,1,0,0,0,-1,0,0,0,0,0,0,-1,0,0,0,0,-1,0,0,1,0,0,0,0,0,0,0,0,0,0,0,0,0,0,0,0,0,1,0,0,0,1,0,0,1,1,1,0,0,0,0,1,0,-1,0,-1,1,0,0,-1,0,-1,1,0,0,0,0,1,0,1,-1,0,0,-1,0,1,0,1,0,0,0,0,1,0,0,0,0,0,1,0,0,0,0,0,0,0,0,0,-1,0,0,0,0,0,0,0,-1,0,1,1,0,0,1,1,0,0,1,-1,0,-1,0,0,0,0,0,0,0,0,0,0,0,0,0,0,0,0,0,1,-1,0,-1,-1,1,0,0,0,0,0,-1,1,0,0,-1,0,0,0,0,0,1,0,-1,0,0,0,0,-1,1,0,0,0,0,0,0,0,0,0,0,0,0,0,0,0,0,0,-1,0,0,0,0,0,0,1,1,0,0,0,0,-1,0,0,0,0,0,0,0,0,0,0,0,-1,0,0,0,0,-1,0,0,0,0,1,0,0,0,0,0,0,0,0,0,-1,0,0,1,0,0,0,0,0,0,0,0,0,0,0,0,0,0,0,0,0,0,0,0,0,0,0,0,0,0,0,1,0,0,0,0,0,0,0,0,0,0,0,-1,-1,0,-1,-1,-1,1,0,0,0,0,0,0,1,0,0,1,0,0,1,0,0,1,0,1,0,0,0,1,0,0,0,-1,0,0,0,0,0,0,0,0,0,0,0,0,1,0,0,0,0,0,0,-1,0,0,1,0,0,0,-1,0,0,0,0,0,-1,0,};
uint16_t re2[600]={0,0,-1,0,-1,0,0,0,0,0,0,0,-1,1,0,0,0,0,0,0,0,0,0,0,0,0,0,0,0,0,0,1,-1,1,0,0,-1,0,0,0,1,0,0,0,0,0,0,0,1,1,-1,1,0,-1,0,0,0,0,0,0,0,0,0,0,0,0,-1,0,0,0,0,0,-1,0,0,0,0,0,0,0,0,0,1,0,-1,0,0,0,0,0,0,0,0,0,-1,0,0,0,0,0,0,0,0,-1,0,0,1,0,0,-1,0,0,-1,0,0,0,0,0,0,0,0,1,0,0,0,0,0,0,0,0,0,0,0,0,0,0,0,0,0,1,0,0,0,-1,0,0,-1,1,0,1,-1,0,0,0,-1,0,-1,0,0,0,0,0,0,1,0,0,0,0,0,0,0,0,0,1,0,0,0,-1,0,0,0,0,0,0,1,0,-1,0,0,1,-1,0,0,-1,0,0,0,1,0,0,0,0,0,0,0,-1,0,0,0,-1,0,0,1,0,0,0,0,0,1,0,0,-1,0,0,0,0,-1,0,1,1,0,0,0,-1,0,0,0,0,-1,0,1,-1,0,-1,0,0,-1,0,0,0,-1,0,1,-1,0,-1,0,0,0,0,0,1,-1,1,-1,0,0,0,-1,0,0,0,-1,0,0,0,0,0,0,0,0,0,0,0,0,0,0,0,0,1,0,0,0,1,0,0,0,-1,0,0,0,0,-1,0,0,1,0,0,0,-1,0,-1,0,-1,0,1,1,0,0,-1,0,0,1,0,1,0,1,-1,0,1,0,0,0,0,0,0,0,0,0,0,0,1,0,-1,-1,0,-1,0,0,0,0,1,1,0,1,0,0,0,0,-1,-1,0,0,0,0,1,0,0,1,0,0,0,1,0,0,0,0,-1,-1,0,-1,0,0,0,1,1,1,0,0,0,0,1,0,0,0,1,0,0,0,0,0,1,0,0,0,1,0,0,0,0,0,0,1,0,0,1,0,0,0,0,1,1,0,0,0,0,0,0,0,1,1,-1,0,0,0,0,0,0,0,0,0,0,0,1,0,0,-1,1,0,0,0,1,0,0,0,0,1,0,-1,0,0,0,0,1,0,0,-1,0,-1,0,0,0,0,0,1,0,-1,1,1,1,1,0,0,0,0,-1,-1,-1,0,0,0,0,-1,0,0,0,0,-1,-1,0,-1,0,0,-1,0,0,-1,0,1,1,0,0,0,0,0,0,0,0,0,0,0,1,0,0,0,0,0,0,0,0,0,0,1,0,0,0,0,0,0,1,0,1,0,0,0,0,0,0,-1,0,1,0,-1,1,0,-1,0,-1,0,0,0,0,0,0,0,0,0,0,0,0,0,0,0,1,-1,0,1,0,0,0,-1,0,0,0,1,1,1,0,0,-1,0,0,0,1,0,0,0,0,1,0,0,};
uint16_t fa2[505]={0,0,0,0,0,0,-1,0,0,0,0,0,0,0,0,1,1,0,0,1,1,0,0,0,0,0,0,0,0,-1,0,0,0,0,0,0,1,0,0,1,0,1,0,0,1,0,0,0,0,0,0,0,0,0,0,0,-1,0,1,0,0,-1,0,0,0,0,0,0,0,1,0,-1,-1,0,-1,1,0,0,0,-1,0,0,1,0,0,0,0,0,0,-1,0,0,0,-1,-1,1,0,0,0,0,0,0,1,-1,0,-1,1,0,0,0,-1,1,1,0,-1,-1,0,0,-1,0,1,0,-1,0,0,0,-1,0,0,0,-1,-1,0,-1,1,1,0,0,-1,1,0,0,1,-1,0,-1,0,1,0,1,1,-1,0,-1,0,0,0,0,0,1,0,1,-1,-1,0,0,0,0,-1,0,0,0,0,0,0,0,0,0,0,0,0,0,1,0,0,0,1,0,1,0,0,0,0,0,0,0,0,0,0,0,0,1,1,0,0,0,0,0,0,0,0,0,0,0,0,0,0,0,0,0,-1,0,-1,0,-1,1,0,-1,-1,0,0,0,0,-1,0,-1,-1,1,0,-1,0,-1,0,0,0,0,0,1,-1,0,0,0,-1,0,1,0,0,0,0,1,1,0,0,-1,0,0,0,0,0,0,0,-1,0,0,-1,0,0,-1,0,0,1,0,1,0,0,0,0,0,0,0,0,0,0,0,1,0,0,0,0,0,0,0,0,0,0,1,0,1,0,0,0,1,-1,0,0,0,0,0,0,0,0,1,1,0,0,0,0,0,0,1,0,0,0,0,-1,0,0,0,0,0,1,0,0,0,0,0,-1,0,0,-1,0,0,0,0,0,0,0,0,0,0,0,0,0,0,1,1,0,0,0,1,0,0,0,1,0,0,0,0,0,0,0,0,0,0,0,0,-1,0,-1,0,0,-1,0,0,0,1,1,-1,0,1,0,0,0,0,0,-1,-1,0,-1,-1,1,0,0,0,0,0,0,0,0,0,0,0,0,0,0,-1,0,0,-1,0,0,-1,0,0,0,0,0,0,0,0,0,-1,0,1,1,-1,0,0,-1,0,0,0,1,-1,0,0,0,0,-1,0,0,0,0,0,0,0,-1,0,0,0,-1,0,0,0,0,0,0,0,0,0,1,0,0,0,1,0,0,0,0,-1,-1,1,1,0,0,0,0,-1,0,0,0,0,-1,0,0,0,};
uint16_t la2[400]={1179,1179,1145,1223,1190,1290,1257,1336,1300,1212,1169,987,931,704,634,303,230,37,-29,-25,-79,34,-6,283,264,647,650,907,923,1089,1108,1313,1335,1658,1689,1919,1961,2032,2079,2014,2066,1880,1937,1599,1661,1348,1408,1430,1483,1652,1701,1775,1823,1694,1738,1445,1481,1056,1086,745,769,482,493,237,225,248,211,501,449,588,526,333,262,-31,-111,-302,-384,-563,-644,-741,-821,-638,-713,-520,-587,-632,-688,-1050,-1096,-1503,-1542,-1679,-1712,-1421,-1444,-816,-825,-141,-135,272,295,463,506,597,662,606,688,596,688,860,959,1215,1320,1512,1614,1753,1845,1962,2036,2106,2165,1935,1987,1524,1576,874,924,231,277,-175,-134,-390,-361,-355,-347,-338,-354,-416,-451,-783,-837,-1519,-1599,-2245,-2346,-2986,-3097,-3716,-3824,-4127,-4227,-3772,-3860,-3190,-3262,-2506,-2556,-1824,-1854,-1288,-1306,-806,-809,-889,-879,-1124,-1101,-1105,-1070,-797,-748,-375,-310,-195,-115,-184,-94,-71,24,297,396,619,720,916,1012,1468,1553,1916,1991,1706,1769,1055,1105,298,329,-396,-395,-942,-969,-1237,-1284,-1314,-1371,-1373,-1434,-1284,-1345,-1300,-1365,-1559,-1631,-1918,-2004,-2205,-2308,-2361,-2467,-2337,-2438,-2104,-2186,-1620,-1683,-1072,-1113,-697,-717,-403,-405,-52,-49,397,400,858,870,1184,1213,1343,1385,1335,1386,1232,1295,1050,1117,1136,1203,1397,1458,1623,1679,1664,1719,1503,1558,1339,1389,1136,1183,863,909,627,663,577,591,678,663,796,756,677,621,400,332,132,56,-64,-142,-198,-273,-222,-297,-189,-266,-223,-295,-527,-593,-1009,-1062,-1320,-1362,-1177,-1210,-704,-729,-206,-222,83,74,74,78,-156,-134,-340,-296,-513,-445,-396,-313,-145,-56,133,222,298,382,360,431,392,442,318,349,79,104,-366,-340,-814,-790,-1113,-1094,-1237,-1223,-1120,-1119,-964,-985,-970,-1019,-1185,-1258,-1674,-1767,-2230,-2347,-2807,-2952,-3371,-3531,-3996,-4156,-4101,-4245,-3616,-3743,-2918,-3026,-2042,-2123,-1288,-1344,-624,-664,-105,-132,-170,-184,-282,-279,-95,-71,377,420,808,872,1048,1133,1209,1309,1562,1673,2024,2144,2354,2480,2632,2756,3002,3120,3198,3303,2808,2896,2159,2234,1544,1606,1201,1240,1007,1021,1034,1031,};
uint16_t si2[357]={-2040,-2040,-1332,-1363,-844,-865,-622,-634,-599,-609,-600,-612,-567,-582,-510,-529,-371,-390,-67,-85,725,714,1714,1717,1914,1928,1527,1551,1295,1335,1123,1174,1040,1103,1240,1311,1629,1706,2024,2107,2074,2158,1879,1970,1692,1790,1520,1622,1337,1438,1148,1241,884,968,594,668,284,352,-42,23,-249,-182,-353,-288,-539,-478,-923,-870,-1304,-1256,-1475,-1426,-1564,-1510,-1947,-1891,-2672,-2616,-3467,-3413,-3985,-3935,-4080,-4032,-3757,-3712,-3063,-3021,-2263,-2228,-1618,-1595,-1212,-1201,-942,-946,-692,-703,-530,-547,-576,-595,-794,-815,-1198,-1221,-1802,-1830,-2028,-2059,-1533,-1564,-853,-880,-244,-267,14,-4,-83,-100,-273,-293,-677,-708,-888,-925,-599,-639,-260,-300,-82,-128,-102,-157,-244,-311,-388,-458,-626,-692,-848,-901,-711,-745,-349,-362,-189,-189,-430,-430,-876,-885,-1220,-1241,-1454,-1490,-1623,-1676,-1641,-1705,-1649,-1717,-1850,-1918,-2069,-2134,-2220,-2284,-2307,-2373,-2221,-2291,-1856,-1928,-1163,-1230,-231,-290,680,634,1430,1398,1995,1976,2448,2440,2861,2862,3247,3253,3630,3638,4152,4162,4956,4972,5811,5829,6317,6331,6469,6479,6430,6442,6306,6326,6128,6163,5888,5937,5686,5744,5431,5492,4915,4970,4305,4353,3856,3903,3531,3584,3212,3275,2824,2895,2380,2451,1860,1927,1252,1309,670,716,210,249,-13,23,-13,27,-14,26,-63,-27,-44,-12,93,122,274,304,379,414,349,389,201,245,49,96,2,53,19,72,27,77,-4,38,-106,-77,-290,-277,-528,-530,-799,-814,-1130,-1155,-1614,-1648,-2261,-2303,-2980,-3029,-3759,-3812,-4566,-4625,-4789,-4852,-4195,-4256,-3341,-3398,-2439,-2491,-1821,-1867,-1577,-1617,-1529,-1568,-1718,-1764,-1672,-1727,-1072,-1127,-348,-401,274,222,679,626,774,716,706,643,544,483,539,490,1004,974,1635,1630,1927,1943,1701,1728,1110,1137,501,517,-24,-24,-433,-453,-665,-705,-896,-946,-1312,-1368,-1795,-1851,-2291,-2346,-2793,-2851,-3176,-3240,-3310,-3380,-3052,-3126,-2449,-2520,-1759,-1823,};
uint16_t fa3[252]={-1320,-1320,-297,-301,820,826,1214,1224,1042,1053,1034,1045,1027,1038,836,848,424,436,240,252,115,127,-608,-601,-1154,-1148,-733,-725,476,495,1696,1725,1931,1961,1162,1186,55,71,-821,-814,-1147,-1145,-919,-916,-391,-386,220,228,767,778,885,896,759,766,1072,1080,1704,1715,2314,2327,2765,2778,2706,2716,2097,2101,1354,1350,764,753,454,443,470,457,723,714,886,877,911,904,802,796,385,376,-303,-317,-977,-993,-1326,-1345,-1366,-1383,-1340,-1355,-1613,-1628,-2301,-2321,-3206,-3232,-3585,-3612,-2771,-2791,-1293,-1300,-34,-31,585,594,822,830,778,786,359,364,87,90,204,207,668,678,1284,1299,1873,1892,2496,2519,3236,3265,3909,3943,4270,4306,4233,4271,3820,3855,3241,3273,2493,2518,1681,1700,1143,1159,660,674,66,74,-270,-262,-130,-119,383,397,914,935,1017,1039,700,719,269,283,27,39,159,170,523,536,805,819,953,967,1089,1105,1256,1272,1545,1562,2043,2062,2601,2622,2836,2856,2655,2672,2041,2049,1195,1195,567,558,285,274,286,273,411,400,328,316,-213,-228,-937,-959,-1346,-1372,-1310,-1336,-1297,-1322,-1538,-1565,-1831,-1858,-2289,-2318,-2969,-3002,-3752,-3791,-4493,-4537,-5201,-5251,-5208,-5256,-4213,-4251,-3061,-3088,-2436,-2457,-2658,-2683,-3524,-3555,-4240,-4278,-4030,-4070,-3217,-3249,-2349,-2374,-1928,-1948,-1724,-1740,-1624,-1639,-1427,};
uint16_t la3[200]={3047,3047,2060,2076,1067,1075,232,233,-366,-369,-664,-670,-539,-542,141,143,1155,1164,2001,2017,2477,2497,2645,2667,2755,2777,3001,3024,3263,3288,3206,3232,2450,2469,1038,1046,-536,-541,-1923,-1939,-3057,-3081,-3941,-3972,-4562,-4598,-4867,-4906,-4794,-4832,-4312,-4346,-3469,-3496,-2231,-2248,-636,-642,1023,1029,2408,2428,3423,3450,3978,4010,3954,3985,3542,3571,3063,3089,2695,2717,2360,2378,1912,1926,1390,1401,949,957,718,724,714,719,928,935,1442,1454,2143,2160,2700,2721,2980,3003,3030,3055,2881,2905,2590,2609,2158,2175,1516,1528,739,745,57,57,-275,-277,-61,-61,634,639,1421,1432,1917,1933,1964,1981,1664,1677,1298,1308,1077,1085,1025,1033,919,926,485,488,-309,-311,-1316,-1325,-2431,-2451,-3536,-3563,-4414,-4449,-4871,-4910,-4799,-4837,-4239,-4273,-3362,-3390,-2324,-2342,-1229,-1240,-191,-191,644,650,1164,1173,1365,1376,1079,1087,111,112,-1394,-1405,-2964,-2988,-4172,-4205,-4933,-4971,-5463,-5506,-5814,-5860,-5831,-5878,-5411,-5453,-4534,-4570,-3289,-3315,-1738,-1751,84,85,1871,1886,3239,3265,3937,3968,3870,3901,3186,};
uint16_t si3[178]={978,978,985,1535,1547,1972,1988,2348,2366,2599,2619,2534,2553,2174,2191,1748,1762,1408,1419,1082,1092,724,729,452,456,351,354,369,371,346,349,324,327,472,476,772,779,1082,1092,1297,1307,1317,1328,1075,1084,650,656,316,319,299,301,584,588,1042,1050,1533,1546,1951,1965,2234,2252,2328,2346,2168,2184,1845,1860,1378,1389,763,769,208,209,-181,-183,-452,-456,-565,-569,-643,-648,-841,-848,-952,-959,-766,-772,-349,-352,139,140,513,516,676,682,673,678,584,590,412,416,165,164,-117,-117,-508,-513,-1102,-1110,-1822,-1836,-2424,-2444,-2721,-2742,-2646,-2668,-2344,-2363,-2011,-2026,-1742,-1756,-1601,-1613,-1623,-1637,-1833,-1847,-2193,-2209,-2589,-2609,-2877,-2900,-3064,-3090,-3228,-3253,-3267,-3293,-3041,-3065,-2542,-2561,-1818,-1832,-939,-948,-42,-43,709,715,1265,1276,1448,1459,1188,1198,755,761,325,327,-53,-51,-218,-220,-135,-136,-38,-39,-29,-29,-40,-40,14,14,328,331,};
uint16_t re4[150]={2959,2959,2981,2793,2815,2486,2505,2391,2411,2521,2540,2690,2711,2686,2707,2395,2414,1964,1980,1484,1495,976,984,605,610,496,500,578,583,648,654,550,554,111,113,-705,-711,-1559,-1572,-1991,-2007,-1941,-1956,-1712,-1726,-1495,-1507,-1323,-1333,-1097,-1104,-749,-753,-392,-395,-156,-157,-42,-42,-39,-40,36,37,425,428,907,915,1254,1264,1627,1640,2214,2232,2921,2945,3435,3462,3639,3667,3787,3818,4107,4139,4487,4522,4621,4658,4317,4351,3624,3654,2738,2760,1879,1894,1235,1245,931,938,887,894,803,809,365,368,-418,-420,-1320,-1331,-2312,-2330,-3212,-3236,-3638,-3666,-3693,-3722,-3852,-3883,-4248,-4282,-4766,-4804,-5291,-5334,-5673,-5717,-5795,-5840,-5514,-5557,-4858,-4896,-4083,-4116,-3399,-3425,-2845,-2867,-2262,-2281,-1483,-1496,-582,-587,469,473,1709,1723,2670,2690,};
uint16_t fa4[126]={2964,2964,2987,3869,3900,3903,3934,3449,3477,2793,2814,2269,2287,2185,2202,2390,2409,2596,2617,2475,2494,1993,2009,1620,1633,1683,1695,1927,1943,2035,2051,2089,2105,2194,2211,2277,2297,2188,2206,1775,1789,1302,1313,1059,1068,858,865,495,499,-138,-139,-1168,-1178,-2134,-2150,-2537,-2557,-2820,-2842,-2841,-2864,-2294,-2312,-1886,-1902,-2062,-2078,-2412,-2432,-2347,-2366,-1982,-1997,-2171,-2188,-2793,-2816,-3015,-3040,-2688,-2710,-2215,-2232,-1946,-1962,-1792,-1807,-1489,-1501,-1125,-1134,-1010,-1019,-1071,-1079,-1061,-1070,-898,-905,-560,-565,-346,-349,-513,-517,-854,-860,-1187,-1197,-1348,-1359,-1119,-1127,-531,-535,99,101,296,299,-57,-58,-374,-378,113,113,1490,1503,};
uint16_t dod2[636]={-1511,-1511,-1391,-2093,-1982,-2641,-2543,-3110,-3026,-3479,-3416,-3761,-3729,-3947,-3945,-4058,-4086,-4127,-4184,-4117,-4195,-4002,-4091,-3820,-3909,-3539,-3611,-3175,-3222,-2786,-2812,-2331,-2333,-1838,-1816,-1397,-1349,-1002,-943,-658,-598,-376,-318,-151,-99,7,43,167,192,405,423,686,703,1001,1022,1391,1421,1804,1847,2184,2233,2538,2596,2862,2934,3168,3254,3479,3575,3795,3904,3996,4115,3974,4095,3980,4095,4037,4139,3994,4081,3972,4032,4024,4054,4083,4086,3925,3900,3506,3454,2965,2896,2343,2263,1577,1491,722,627,-3,-98,-462,-550,-806,-892,-1215,-1297,-1586,-1661,-1870,-1943,-2215,-2290,-2582,-2663,-2969,-3067,-3437,-3555,-3768,-3899,-3903,-4043,-4041,-4184,-4167,-4308,-4097,-4219,-3875,-3970,-3631,-3705,-3300,-3351,-2876,-2902,-2446,-2454,-2022,-2014,-1642,-1621,-1364,-1332,-1120,-1079,-826,-781,-532,-483,-233,-185,152,198,584,634,987,1045,1417,1482,1898,1968,2378,2452,2840,2914,3289,3362,3702,3777,4034,4119,4314,4419,4588,4713,4881,5026,5143,5304,5176,5337,4859,5007,4489,4618,4011,4117,3290,3370,2654,2714,2112,2152,1530,1550,1115,1115,773,752,257,215,-241,-302,-673,-742,-1100,-1167,-1502,-1568,-2061,-2128,-2608,-2683,-2994,-3086,-3417,-3536,-3904,-4053,-4294,-4469,-4497,-4687,-4662,-4861,-4706,-4908,-4621,-4815,-4486,-4665,-4304,-4468,-4064,-4212,-3894,-4021,-3838,-3939,-3720,-3795,-3551,-3598,-3357,-3377,-3061,-3054,-2678,-2645,-2284,-2228,-1894,-1829,-1518,-1448,-1098,-1023,-709,-640,-415,-358,-118,-75,185,214,505,521,872,876,1207,1215,1565,1584,1983,2018,2370,2426,2739,2809,3098,3175,3361,3443,3501,3584,3551,3632,3458,3547,3228,3328,2932,3043,2632,2746,2330,2436,2025,2121,1748,1825,1452,1506,1117,1164,822,871,563,612,310,369,48,115,-266,-194,-605,-539,-963,-910,-1349,-1308,-1718,-1692,-2041,-2030,-2322,-2319,-2570,-2585,-2796,-2837,-3016,-3077,-3216,-3303,-3350,-3463,-3398,-3529,-3378,-3517,-3245,-3379,-3025,-3143,-2744,-2847,-2356,-2442,-1937,-2002,-1573,-1621,-1236,-1275,-928,-969,-673,-720,-480,-530,-329,-388,-144,-217,107,26,391,310,720,644,1128,1058,1553,1492,1950,1899,2324,2279,2665,2629,2981,2958,3273,3259,3481,3473,3443,3446,3268,3284,3126,3150,2852,2876,2432,2453,2032,2042,1764,1747,1501,1450,1079,1000,529,421,-8,-133,-418,-544,-840,-963,-1229,-1346,-1416,-1524,-1492,-1590,-1619,-1705,-1744,-1819,-1819,-1880,-1987,-2031,-2204,-2238,-2341,-2373,-2480,-2522,-2611,-2675,-2687,-2773,-2759,-2865,-2873,-2998,-2930,-3063,-2954,-3084,-3029,-3143,-3007,-3103,-2834,-2919,-2602,-2674,-2340,-2401,-2049,-2105,-1812,-1861,-1630,-1673,-1421,-1452,-1216,-1238,-1049,-1070,-846,-866,-549,-570,-227,-253,115,91,553,537,1072,1058,1647,1633,2244,2231,2858,2836,3434,3405,3945,3920,4410,4401,4861,4874,5305,5343,5658,5723,5741,5823,5551,5637,5373,5457,5021,5099,4430,4491,3941,3994,3463,3511,2942,2980,2621,2645,2218,2225,1576,1560,1016,978,528,473,107,45,-296,-348,-856,-897,-1271,-1302,-1511,-1543,-1880,-1924,-2407,-2474,-2842,-2935,-3061,-3172,-3189,-3310,-3156,-3282,-2988,-3103,-2722,-2822,-2379,-2466,-2018,-2092,-1822,-1882,-1769,-1813,-1686,-1707,-1618,-1617,-1588,-1562,-1478,-1431,-1289,-1226,-1120,-1041,-973,-883,-814,-721,-622,-521,-485,-383,-378,-279,-218,-126,-12,71,267,344,576,648,861,930,1196,1269,1554,1640,1872,1975,2253,2373,2706,2831,3106,3226,3430,3547,3682,3793,3779,3887,3741,3857,3625,3748,3435,3568,3158,3289,2821,2942,2451,2554,2030,2106,1589,1644,1198,1248,822,873,438,495,24,98,-439,-349,-943,-843,};
uint16_t red2[566]={0,0,0,0,0,1,0,1,0,0,0,0,-1,0,0,-1,0,1,0,1,0,-1,-1,0,-1,0,0,0,1,-1,0,0,0,-1,-1,0,0,0,-1,0,0,0,0,0,0,0,-1,0,0,0,0,0,0,0,0,0,0,0,0,0,1,0,0,-1,0,0,0,0,0,0,0,1,0,0,0,0,0,0,1,0,0,0,0,0,0,0,0,1,0,0,0,0,0,0,0,0,0,0,0,0,0,0,0,0,0,-1,-1,0,0,0,-1,0,0,1,-1,0,1,0,0,0,1,0,0,0,0,0,0,0,0,0,0,0,0,1,1,0,0,0,1,0,0,-1,0,1,0,1,0,0,1,1,0,-1,1,-1,0,0,0,0,0,0,-1,0,0,0,0,0,0,0,1,-1,0,0,1,0,0,1,0,0,1,0,-1,-1,0,-1,0,-1,0,0,0,1,0,0,0,1,1,1,-1,0,0,0,-1,0,0,0,0,0,0,0,1,0,0,0,0,0,0,0,0,0,0,1,0,0,0,-1,0,1,0,1,0,0,0,0,0,0,0,-1,0,0,0,-1,0,0,0,1,0,0,0,-1,0,0,0,0,0,0,0,1,-1,0,0,0,0,0,0,0,1,-1,0,0,0,-1,-1,0,0,0,0,0,0,0,0,-1,0,-1,0,0,0,-1,0,1,0,0,0,0,0,-1,1,0,-1,1,0,0,0,0,0,-1,1,0,0,-1,0,0,1,0,0,-1,0,0,0,1,0,0,0,0,0,1,-1,1,0,0,1,0,-1,-1,0,0,-1,0,1,1,0,0,0,0,0,0,0,0,0,0,0,0,0,-1,0,0,1,0,0,0,0,-1,-1,0,0,0,0,0,-1,0,1,0,0,1,0,0,0,0,0,0,0,0,-1,0,0,1,0,0,0,1,0,0,0,-1,0,0,0,0,0,0,0,0,0,1,-1,0,0,-1,0,0,0,0,0,0,0,0,0,1,0,0,0,0,0,0,0,-1,0,0,0,0,1,0,0,0,1,0,0,0,0,0,-1,0,0,-1,0,0,0,0,1,0,0,1,0,0,0,0,0,0,-1,0,0,1,0,0,0,0,0,0,0,1,0,0,0,0,0,0,1,0,0,0,0,0,0,0,0,0,0,0,0,0,0,0,0,0,0,0,0,0,0,0,0,0,0,0,-1,0,0,0,0,0,0,-1,1,0,0,-1,-1,0,0,0,0,-1,0,0,0,-1,0,0,0,0,0,1,-1,0,0,0,0,0,0,0,-1,0,0,-1,0,0,0,0,0,0,0,0,1,0,0,0,0,-1,0,0,0,1,0,0,0,0,1,0,0,};
uint16_t sol2[449]={-2605,-2605,-2709,-2352,-2452,-1995,-2091,-1569,-1661,-1104,-1192,-628,-710,-188,-262,236,169,602,541,882,829,1096,1048,1300,1257,1504,1467,1681,1649,1898,1871,2165,2145,2408,2396,2644,2637,2907,2908,3192,3200,3487,3502,3789,3810,4072,4098,4291,4323,4467,4505,4635,4678,4769,4818,4832,4886,4907,4968,5024,5089,5066,5139,5068,5144,5114,5194,5160,5241,5114,5197,4994,5076,4928,5012,4889,4975,4779,4865,4584,4671,4384,4471,4226,4313,4007,4092,3698,3781,3408,3491,3234,3317,3136,3218,3025,3108,2918,3002,2887,2972,2919,3005,2965,3051,2998,3086,3021,3110,3081,3171,3138,3228,3112,3201,3037,3125,2956,3040,2799,2880,2541,2617,2322,2394,2204,2274,2122,2187,2007,2068,1866,1923,1737,1790,1651,1699,1522,1567,1277,1316,1006,1042,784,815,606,633,435,460,239,257,63,76,-107,-98,-297,-295,-509,-510,-747,-755,-1039,-1053,-1396,-1418,-1669,-1695,-1841,-1870,-2135,-2167,-2544,-2583,-2978,-3020,-3378,-3425,-3764,-3812,-4153,-4202,-4495,-4548,-4825,-4881,-5150,-5205,-5388,-5445,-5555,-5612,-5730,-5786,-5901,-5957,-6050,-6106,-6162,-6218,-6173,-6227,-6060,-6109,-5920,-5963,-5827,-5866,-5701,-5735,-5493,-5521,-5275,-5297,-5111,-5129,-4940,-4952,-4688,-4694,-4394,-4394,-4113,-4108,-3840,-3832,-3573,-3562,-3306,-3293,-3001,-2986,-2668,-2654,-2370,-2358,-2099,-2086,-1875,-1863,-1679,-1667,-1497,-1487,-1378,-1367,-1314,-1307,-1264,-1259,-1179,-1177,-1060,-1061,-901,-903,-690,-693,-463,-464,-218,-220,53,53,350,352,686,691,1076,1085,1500,1513,1838,1853,2067,2086,2286,2307,2500,2524,2641,2668,2704,2733,2752,2782,2796,2825,2812,2843,2839,2869,2894,2925,2935,2965,2879,2909,2797,2826,2781,2810,2761,2791,2686,2715,2585,2614,2575,2607,2629,2664,2622,2659,2569,2609,2602,2648,2789,2840,2995,3052,3110,3174,3214,3283,3357,3429,3473,3552,3506,3590,3401,3489,3243,3334,3116,3209,2917,3011,2629,2720,2333,2421,2026,2109,1587,1664,1078,1147,700,763,440,499,201,253,-46,0,-303,-262,-490,-455,-599,-571,-736,-712,-900,-883,-1016,-1004,-1060,-1052,-1081,-1078,-1137,-1135,-1208,-1212,-1273,-1283,-1380,-1396,-1530,-1554,-1684,-1716,-1858,-1900,-2112,-2162,-2373,-2433,-2495,-2562,-2604,-2676,-2830,-2909,-3116,-3204,-3403,-3498,-3650,-3751,-3889,-3997,-4086,-4198,-4196,-4316,-4272,-4397,-4290,-4417,-4220,-4350,-4141,-4274,-4103,-4237,-4088,-4225,-4070,-4208,-4046,-4186,-3987,-4127,-3897,-4035,-3836,-3972,-3796,-3930,-3710,-3843,-3608,-3739,-3541,-3668,-3489,-3616,-3395,-3520,-3241,-3363,-3083,-3201,-2945,-3061,-2786,};
uint16_t lad2[378]={4510,4510,4574,2804,2827,905,880,-547,-607,-995,-1074,-557,-644,41,-45,398,315,408,326,-77,-151,-909,-971,-1857,-1898,-3089,-3107,-4118,-4123,-4190,-4190,-3474,-3476,-2380,-2383,-1283,-1281,-478,-466,-62,-47,102,116,164,189,201,253,402,467,816,879,1408,1469,2197,2259,2916,2979,3124,3180,2805,2840,2438,2440,2308,2277,2368,2310,2556,2479,2565,2479,2246,2161,1699,1617,931,853,114,37,-542,-608,-1158,-1203,-1952,-1987,-2637,-2674,-2868,-2907,-2696,-2723,-2312,-2332,-2005,-2028,-1989,-2016,-2377,-2402,-2997,-3013,-3352,-3352,-3060,-3043,-2343,-2312,-1780,-1735,-1676,-1620,-1767,-1709,-1763,-1720,-1638,-1625,-1426,-1447,-1262,-1315,-1126,-1200,-869,-944,-490,-548,-205,-245,-215,-243,-576,-600,-1299,-1314,-2148,-2149,-2899,-2892,-3753,-3753,-5162,-5182,-6466,-6509,-6317,-6369,-4968,-5017,-3883,-3936,-3520,-3572,-3061,-3095,-2730,-2728,-3069,-3032,-3377,-3313,-3191,-3114,-2647,-2572,-1071,-1000,1358,1430,2832,2905,3297,3367,3440,3493,3186,3213,3040,3054,3389,3410,4096,4136,4876,4938,5237,5311,4900,4979,3856,3930,2162,2217,293,302,-1047,-1089,-1268,-1339,-597,-683,166,71,594,496,544,447,-105,-202,-1071,-1159,-2015,-2085,-3077,-3123,-3751,-3769,-3474,-3470,-2602,-2588,-1534,-1520,-531,-520,206,221,610,629,860,876,1085,1102,1280,1319,1617,1689,2087,2176,2591,2682,3221,3315,3822,3917,3933,4025,3551,3630,3215,3270,3174,3190,3337,3321,3536,3495,3431,3368,2902,2826,2126,2044,1237,1156,468,390,-11,-78,-507,-551,-1332,-1352,-2112,-2128,-2449,-2472,-2363,-2388,-2014,-2029,-1721,-1732,-1712,-1731,-2049,-2075,-2522,-2544,-2619,-2627,-2137,-2121,-1377,-1339,-891,-836,-842,-771,-856,-772,-717,-637,-421,-362,7,31,373,361,680,634,1090,1023,1530,1465,1841,1794,1875,1845,1573,1550,1002,983,388,384,-156,-141,-898,-877,-2274,-2270,-3648,-3667,-3663,-3695,-2538,-2571,-1617,-1655,-1317,-1366,-766,-813,-250,-269,-507,-492,-896,-848,-998,-921,-875,-784,372,467,2690,2789,4155,4250,4671,4760,4878,4953,4602,4651,4360,4381,4558,4573,5150,5180,5908,5963,6299,6373,6016,6101,5004,5089,};
uint16_t re3[300]={324,324,240,39,-45,-109,-191,-156,-234,-96,-173,56,-16,333,265,848,787,1346,1297,1706,1671,2063,2041,2484,2475,2939,2946,3523,3545,4098,4133,4469,4514,4657,4710,4550,4611,4265,4331,3898,3967,3532,3602,3060,3131,2354,2423,1478,1543,610,672,-91,-31,-714,-655,-1284,-1225,-1757,-1701,-2089,-2035,-2418,-2366,-2828,-2775,-3277,-3224,-3580,-3524,-3454,-3394,-2821,-2753,-1998,-1923,-1452,-1377,-1195,-1120,-1262,-1189,-1519,-1447,-1663,-1593,-1607,-1539,-1339,-1274,-913,-853,-504,-450,-358,-316,-459,-428,-666,-647,-965,-959,-1296,-1300,-1173,-1185,-494,-507,57,38,315,292,409,382,289,257,310,273,520,479,719,670,1168,1115,2070,2018,3086,3038,4147,4104,5150,5115,5740,5708,5927,5895,5729,5690,5365,5319,5210,5157,5240,5181,4994,4927,4419,4342,3664,3578,2711,2617,1804,1705,1056,955,365,265,-229,-330,-590,-691,-751,-849,-640,-734,-280,-365,-8,-80,96,34,151,103,221,187,479,460,911,907,1269,1278,1447,1466,1380,1407,1028,1064,578,619,252,298,161,214,235,293,361,423,387,456,299,372,175,255,-1,84,-127,-37,-117,-22,-116,-19,-256,-157,-538,-438,-978,-878,-1392,-1291,-1524,-1423,-1260,-1156,-955,-851,-890,-792,-1041,-951,-1379,-1294,-1729,-1650,-1999,-1921,-2292,-2220,-2700,-2637,-3155,-3104,-3737,-3700,-4597,-4577,-5532,-5528,-6098,-6110,-6430,-6452,-6599,-6629,-6065,-6099,-5231,-5267,-4987,-5030,-5196,-5247,-5513,-5575,-5650,-5717,-5202,-5273,-4546,-4619,-4026,-4104,-3161,-3243,-1933,-2014,-584,-660,808,740,1834,1776,2350,2294,2410,2355,2164,2106,2006,1944,2327,2265,2679,2617,2443,2374,1809,1729,1104,1014,517,423,};
uint16_t red3[283]={1969,1969,1934,1940,1770,1769,1542,1531,1279,1259,1094,1065,1260,1226,1631,1596,2156,2122,2699,2667,2940,2907,2908,2874,2690,2654,2287,2248,1849,1803,1654,1606,1920,1872,2704,2661,3771,3736,4620,4594,5046,5021,5050,5027,4612,4584,4086,4053,3813,3778,3691,3657,3529,3494,3178,3145,2520,2487,1579,1546,415,378,-897,-934,-2144,-2184,-3104,-3144,-3608,-3647,-3646,-3679,-3352,-3378,-2976,-2993,-2861,-2873,-3076,-3083,-3460,-3465,-3780,-3781,-3736,-3730,-3378,-3363,-3044,-3022,-3018,-2993,-3454,-3428,-3969,-3945,-3820,-3790,-2824,-2779,-1380,-1318,-14,62,760,845,889,979,657,745,495,581,765,852,1150,1239,1329,1417,1565,1649,2084,2169,2724,2812,3270,3356,3409,3492,2857,2930,2027,2085,1626,1673,1810,1852,2208,2245,2334,2362,1875,1892,1026,1027,261,247,-142,-166,-200,-231,-149,-186,-23,-67,231,182,637,585,1324,1275,2162,2117,2858,2817,3325,3287,3560,3524,3629,3592,3765,3729,4170,4136,4788,4755,5429,5400,5845,5818,5885,5857,5681,5651,5247,5213,4488,4448,3609,3562,2799,2744,2027,1968,1264,1200,492,426,-425,-493,-1601,-1672,-3009,-3082,-4468,-4543,-5671,-5747,-6423,-6496,-6692,-6759,-6601,-6663,-6252,-6305,-5815,-5859,-5448,-5483,-5178,-5203,-4991,-5008,-4774,-4781,-4412,-4408,-4048,-4034,-3867,-3844,-3904,-3876,-4195,-4164,-4362,-4328,-3896,-3852,-2931,-2873,-1923,-1852,-1346,-1265,-1531,-1447,-2289,-2209,-3364,-3292,-4323,-4258,-4746,-4686,-4485,-4427,-3628,-3568,-2673,-2610,-1813,-1747,-1115,-1046,-573,-504,-223,-158,-203,-146,112,165,782,831,1224,1267,1593,1630,1889,1919,2004,2026,};
uint16_t sol3[225]={-227,-227,-380,-385,-288,-293,-14,-16,259,258,414,416,416,419,292,292,234,236,395,397,701,707,1006,1014,1178,1186,1215,1224,1178,1186,1116,1124,1126,1135,1263,1273,1432,1444,1511,1523,1414,1426,1213,1223,983,991,747,753,604,611,599,605,730,736,979,988,1181,1193,1275,1285,1333,1344,1406,1419,1514,1529,1622,1638,1721,1738,1729,1745,1621,1636,1506,1520,1393,1406,1309,1322,1266,1278,1144,1156,939,950,670,677,423,427,353,359,491,497,806,814,1144,1154,1343,1356,1366,1377,1293,1304,1249,1259,1263,1274,1306,1315,1299,1310,1228,1237,1159,1169,1124,1133,1083,1092,934,942,631,635,232,234,-150,-151,-382,-384,-446,-449,-461,-464,-594,-598,-972,-981,-1617,-1631,-2368,-2388,-2984,-3008,-3342,-3369,-3493,-3522,-3444,-3474,-3269,-3296,-3107,-3133,-2958,-2984,-2764,-2787,-2421,-2442,-1859,-1875,-1185,-1195,-568,-575,-80,-83,244,242,391,391,267,266,-141,-144,-721,-730,-1415,-1430,-2128,-2147,-2774,-2797,-3286,-3315,-3481,-3511,-3265,-3292,-2814,-2837,-2292,-2312,-1909,-1925,-1791,-1806,-1788,-1804,-1622,-1637,-1165,-1173,-469,-474,349,351,1128,1135,1630,1641,1703,1716,1491,1503,1246,1257,1042,1050,801,806,436,440,42,43,};
uint16_t lad3[189]={156,156,158,362,364,510,514,483,487,317,320,147,148,103,102,245,247,522,525,806,811,1027,1036,1174,1183,1248,1259,1200,1210,1005,1014,781,788,723,729,856,863,1085,1094,1301,1312,1453,1464,1531,1543,1535,1547,1520,1531,1497,1508,1453,1465,1422,1433,1358,1369,1171,1180,856,862,453,457,19,19,-403,-407,-730,-737,-815,-820,-608,-613,-169,-171,404,407,965,972,1349,1359,1498,1510,1498,1509,1489,1502,1508,1520,1450,1461,1262,1272,1027,1035,794,800,593,598,477,481,463,467,532,537,625,630,655,660,572,576,429,433,296,298,180,182,60,60,-125,-127,-495,-500,-1142,-1151,-2001,-2017,-2857,-2879,-3378,-3405,-3334,-3362,-3014,-3037,-2844,-2868,-2804,-2827,-2655,-2676,-2327,-2345,-1854,-1869,-1228,-1238,-594,-599,-312,-315,-578,-583,-991,-999,-1214,-1224,-1220,-1230,-1223,-1233,-1307,-1318,-1264,-1273,-1000,-1008,-708,-714,-556,-561,-492,-495,-451,-455,-456,-460,-470,-474,-301,-304,-1,0,171,172,73,74,-50,-51,-34,};
uint16_t *arrayNotesA20[8] = {fad1,la1,do2,mi2,fad2,la2,do3,mi3,};
int taillesA20[8] = {953,801,674,535,476,400,337,267,};
uint16_t *arrayNotesB20[8] = {fad3,la3,do4,lad1,si1,re2,fa2,la2,};
int taillesB20[8] = {238,200,168,754,714,600,505,400,};
uint16_t *arrayNotesA27[8] = {si2,re3,fa3,la3,si3,re4,fa4,dod2,};
int taillesA27[8] = {357,300,252,200,178,150,126,636,};
uint16_t *arrayNotesB27[8] = {red2,sol2,lad2,re3,red3,sol3,lad3,};
int taillesB27[8] = {566,449,378,300,283,225,189,};
