uint16_t fad1[953]={2220,2220,2342,2398,2520,2616,2738,2852,2974,3151,3276,3513,3639,3812,3941,4073,4202,4319,4448,4529,4659,4715,4844,4854,4984,4926,5058,4940,5072,4970,5102,4993,5123,4961,5088,4969,5093,4997,5115,5007,5120,4975,5082,4875,4974,4685,4775,4374,4452,4017,4084,3658,3711,3318,3356,2945,2967,2508,2512,2066,2054,1624,1598,1226,1187,889,839,562,504,252,187,-9,-77,-266,-341,-559,-638,-857,-940,-1173,-1261,-1477,-1571,-1709,-1806,-1876,-1975,-2028,-2128,-2192,-2292,-2366,-2469,-2532,-2639,-2678,-2789,-2787,-2903,-2862,-2984,-2905,-3034,-2904,-3038,-2862,-3001,-2784,-2928,-2692,-2836,-2612,-2758,-2540,-2683,-2462,-2602,-2391,-2527,-2349,-2478,-2339,-2460,-2360,-2470,-2387,-2488,-2412,-2501,-2425,-2504,-2423,-2489,-2391,-2445,-2320,-2359,-2201,-2224,-2044,-2050,-1891,-1879,-1768,-1742,-1681,-1641,-1615,-1563,-1564,-1503,-1529,-1460,-1494,-1415,-1451,-1364,-1397,-1304,-1326,-1227,-1255,-1152,-1168,-1064,-1049,-945,-900,-796,-715,-612,-504,-404,-279,-180,-22,76,260,354,551,641,872,957,1236,1318,1659,1737,2143,2218,2623,2697,3053,3126,3416,3488,3727,3797,4021,4090,4331,4399,4649,4714,4970,5033,5277,5339,5534,5595,5723,5783,5854,5913,5946,6006,6012,6072,6065,6126,6109,6170,6142,6202,6160,6218,6169,6227,6173,6229,6163,6218,6127,6180,6051,6102,5932,5980,5760,5804,5530,5569,5253,5285,4946,4973,4647,4669,4402,4418,4202,4214,4021,4027,3832,3834,3621,3617,3388,3379,3135,3120,2857,2836,2567,2539,2272,2235,1977,1934,1686,1637,1397,1342,1091,1030,758,690,411,335,69,-13,-252,-342,-548,-645,-819,-922,-1069,-1179,-1303,-1416,-1519,-1635,-1713,-1835,-1877,-2000,-1994,-2122,-2075,-2206,-2128,-2262,-2172,-2307,-2222,-2357,-2282,-2414,-2361,-2489,-2459,-2578,-2564,-2673,-2670,-2771,-2746,-2836,-2783,-2863,-2800,-2873,-2801,-2864,-2792,-2846,-2779,-2826,-2762,-2800,-2744,-2774,-2734,-2758,-2743,-2763,-2769,-2789,-2811,-2833,-2870,-2897,-2944,-2979,-3012,-3056,-3059,-3115,-3102,-3169,-3149,-3228,-3197,-3289,-3259,-3360,-3326,-3439,-3374,-3495,-3394,-3520,-3404,-3536,-3413,-3550,-3420,-3559,-3421,-3561,-3416,-3554,-3415,-3551,-3417,-3545,-3413,-3533,-3405,-3514,-3406,-3504,-3415,-3501,-3438,-3515,-3462,-3529,-3460,-3516,-3437,-3483,-3416,-3450,-3382,-3406,-3323,-3341,-3270,-3281,-3221,-3228,-3181,-3183,-3144,-3143,-3071,-3065,-2950,-2938,-2775,-2759,-2523,-2502,-2238,-2212,-1923,-1894,-1620,-1589,-1421,-1388,-1302,-1269,-1172,-1138,-1021,-985,-788,-749,-420,-373,-10,42,420,479,811,878,1059,1133,1199,1279,1255,1341,1267,1358,1320,1418,1387,1492,1433,1546,1448,1568,1411,1537,1290,1420,1106,1240,906,1040,724,862,599,738,509,649,438,579,429,572,503,647,659,804,902,1049,1156,1306,1371,1521,1573,1721,1794,1941,2045,2192,2332,2479,2606,2755,2842,2991,3066,3213,3281,3428,3460,3604,3591,3732,3664,3801,3686,3821,3715,3847,3733,3865,3735,3868,3740,3874,3747,3881,3743,3876,3707,3837,3591,3717,3373,3495,3061,3176,2688,2800,2304,2409,1952,2049,1596,1684,1176,1251,711,768,243,283,-175,-154,-533,-531,-826,-843,-1063,-1098,-1258,-1308,-1422,-1485,-1605,-1683,-1833,-1921,-2071,-2169,-2290,-2398,-2465,-2582,-2591,-2716,-2683,-2814,-2783,-2921,-2927,-3070,-3093,-3241,-3250,-3401,-3389,-3544,-3507,-3665,-3583,-3744,-3626,-3793,-3642,-3813,-3633,-3809,-3596,-3775,-3542,-3726,-3484,-3671,-3415,-3605,-3338,-3531,-3259,-3452,-3187,-3379,-3135,-3323,-3077,-3258,-3003,-3179,-2920,-3087,-2832,-2989,-2748,-2897,-2666,-2805,-2565,-2694,-2441,-2559,-2334,-2440,-2268,-2359,-2248,-2323,-2264,-2322,-2302,-2341,-2374,-2397,-2479,-2484,-2584,-2575,-2698,-2675,-2811,-2776,-2920,-2872,-3028,-2969,-3112,-3044,-3173,-3096,-3198,-3114,-3188,-3098,-3164,-3072,-3106,-3011,-2993,-2896,-2829,-2730,-2582,-2481,-2247,-2146,-1829,-1729,-1327,-1228,-781,-682,-241,-144,265,361,742,838,1221,1315,1742,1834,2297,2385,2861,2946,3420,3499,3920,3994,4325,4394,4644,4708,4901,4959,5113,5162,5299,5344,5465,5505,5606,5645,5704,5742,5747,5782,5749,5783,5711,5743,5624,5656,5519,5550,5413,5442,5299,5327,5181,5207,5047,5068,4879,4896,4694,4706,4535,4540,4437,4438,4385,4380,4358,4350,4343,4331,4324,4309,4284,4265,4216,4194,4119,4092,3988,3954,3820,3783,3634,3591,3432,3384,3195,3143,2925,2868,2622,2560,2303,2236,1982,1908,1660,1581,1334,1250,987,896,617,524,243,147,-117,-213,-439,-537,-707,-806,-930,-1029,-1126,-1226,-1314,-1417,-1511,-1617,-1714,-1824,-1922,-2033,-2125,-2238,-2298,-2410,-2427,-2534,-2510,-2612,-2546,-2639,-2536,-2620,-2490,-2565,-2424,-2489,-2341,-2398,-2247,-2295,-2153,-2191,-2072,-2100,-2018,-2037,-2008,-2019,-2043,-2045,-2111,-2108,-2212,-2208,-2330,-2325,-2437,-2435,-2544,-2548,-2653,-2665,-2760,-2782,-2871,-2904,-2988,-3033,-3102,-3162,-3197,-3270,-3259,-3343,-3292,-3386,-3300,-3402,-3287,-3396,-3264,-3377,-3234,-3350,-3198,-3318,-3167,-3286,-3144,-3265,-3141,-3261,-3151,-3267,-3179,-3289,-3226,-3331,-3272,-3368,-3319,-3410,-3367,-3451,-3424,-3501,-3503,-3572,-3595,-3656,-3723,-3777,-3892,-3942,-4059,-4105,-4201,-4245,-4297,-4337,-4271,-4307,-4124,-4152,-3912,-3932,-3629,-3639,-3355,-3356,-3155,-3150,-2971,-2960,-2763,-2746,-2488,-2468,-2081,-2056,-1540,-1508,-924,-884,-268,-217,310,370,743,813,1059,1139,1277,1366,1478,1578,1721,1832,1956,2077,2168,2297,2332,2469,2420,2564,2390,2538,2227,2379,2018,2172,1831,1989,1712,1872,1630,1792,1580,1745,1587,1754,1655,1827,1810,};
uint16_t la1[801]={-919,-919,-1035,-1336,-1439,-1732,-1821,-2130,-2203,-2511,-2569,-2901,-2947,-3384,-3418,-4019,-4039,-4861,-4872,-5791,-5795,-6450,-6443,-6573,-6556,-6322,-6293,-5759,-5722,-4937,-4893,-4159,-4112,-3408,-3362,-2603,-2559,-1698,-1656,-717,-680,19,49,508,528,849,857,995,990,1088,1069,1180,1145,1424,1375,1714,1652,1975,1902,2443,2362,2982,2899,3566,3484,4202,4125,4705,4633,5013,4949,5097,5044,4901,4862,4637,4610,4390,4373,4157,4150,3936,3937,3526,3531,2991,2999,2385,2397,1618,1636,815,837,78,102,-637,-608,-1279,-1243,-1743,-1704,-2065,-2024,-2208,-2167,-2199,-2160,-2183,-2150,-2214,-2192,-2271,-2262,-2353,-2357,-2423,-2441,-2393,-2422,-2206,-2244,-1933,-1979,-1686,-1740,-1444,-1505,-1213,-1278,-1061,-1126,-970,-1036,-891,-954,-779,-835,-598,-643,-369,-402,-73,-91,292,287,686,694,1089,1111,1381,1415,1569,1612,1723,1778,1820,1886,1919,1993,2022,2102,2080,2163,2095,2178,2037,2117,1887,1962,1657,1727,1358,1419,1071,1126,875,922,778,821,784,826,821,861,822,860,768,802,661,692,567,591,487,502,444,451,469,465,500,486,517,492,497,462,408,368,262,218,92,52,-83,-114,-229,-246,-263,-266,-129,-115,161,192,516,566,842,910,1097,1186,1199,1302,1077,1193,802,927,473,600,187,311,-33,83,-201,-98,-318,-231,-399,-327,-446,-391,-450,-409,-381,-351,-261,-241,-56,-37,271,291,669,696,1074,1109,1413,1457,1641,1690,1752,1804,1736,1784,1548,1588,1253,1282,939,955,703,705,575,562,553,526,611,574,712,667,821,773,918,872,1003,964,1087,1061,1203,1193,1324,1334,1429,1458,1512,1562,1550,1617,1520,1595,1448,1519,1348,1411,1206,1257,1018,1056,803,825,543,550,207,200,-191,-210,-609,-636,-1039,-1070,-1436,-1463,-1702,-1726,-1847,-1860,-1865,-1868,-1755,-1747,-1583,-1562,-1433,-1403,-1328,-1290,-1235,-1190,-1108,-1058,-984,-927,-872,-811,-727,-659,-563,-493,-433,-366,-321,-260,-220,-168,-209,-166,-279,-243,-367,-339,-457,-430,-500,-478,-436,-419,-291,-282,-89,-87,138,128,341,316,436,393,425,361,388,302,341,231,308,178,270,124,194,38,79,-83,-73,-240,-259,-428,-488,-656,-764,-929,-1069,-1231,-1400,-1553,-1735,-1877,-2035,-2158,-2332,-2440,-2694,-2784,-3154,-3227,-3785,-3842,-4649,-4693,-5562,-5594,-6153,-6172,-6232,-6235,-5941,-5928,-5318,-5286,-4441,-4391,-3608,-3544,-2814,-2739,-2009,-1929,-1137,-1056,-210,-130,459,533,896,960,1149,1203,1183,1224,1186,1211,1174,1184,1329,1323,1524,1499,1699,1656,2112,2052,2618,2542,3199,3113,3837,3745,4344,4250,4657,4564,4735,4647,4527,4443,4274,4198,4031,3969,3799,3754,3586,3552,3190,3166,2693,2677,2116,2105,1362,1351,558,549,-197,-201,-930,-930,-1561,-1557,-1995,-1984,-2266,-2247,-2337,-2309,-2256,-2219,-2166,-2125,-2134,-2091,-2146,-2107,-2202,-2169,-2240,-2217,-2171,-2161,-1970,-1973,-1707,-1722,-1468,-1497,-1237,-1278,-1020,-1075,-893,-957,-822,-894,-745,-820,-623,-695,-418,-487,-147,-205,226,182,668,641,1124,1118,1583,1594,1887,1915,2060,2102,2186,2238,2235,2297,2292,2365,2361,2443,2383,2475,2384,2482,2329,2432,2173,2275,1898,1997,1524,1618,1159,1245,890,969,737,805,699,756,703,752,688,733,635,674,524,560,409,439,296,324,217,237,191,203,188,193,197,189,181,160,110,75,7,-41,-113,-171,-255,-316,-360,-418,-357,-404,-211,-241,73,64,421,431,747,777,1010,1059,1115,1183,990,1075,708,808,373,486,62,187,-179,-48,-353,-222,-461,-337,-525,-413,-558,-462,-543,-467,-465,-404,-352,-304,-168,-131,129,160,488,517,842,871,1128,1161,1314,1350,1388,1430,1327,1371,1100,1144,759,798,407,439,148,168,3,10,-34,-39,30,10,145,108,263,213,365,307,442,379,515,453,610,559,719,681,826,806,921,921,954,977,916,958,849,906,748,811,581,641,350,399,79,113,-231,-215,-613,-618,-1083,-1106,-1594,-1634,-2075,-2131,-2442,-2504,-2683,-2748,-2797,-2854,-2759,-2805,-2640,-2671,-2507,-2522,-2388,-2390,-2270,-2261,-2089,-2069,-1843,-1816,-1609,-1575,-1378,-1339,-1176,-1132,-1052,-1001,-944,-886,-815,-752,-754,-689,-767,-709,-776,-724,-728,-682,-610,-571,-432,-396,-185,-149,142,182,498,538,823,857,1029,1051,1115,1124,1152,1141,1147,1116,1118,1062,1051,969,948,839,808,672,621,462,384,211,119,-65,-186,-376,-532,-726,-881,};
uint16_t do2[674]={1,1,-1,0,0,0,1,0,-1,0,0,1,0,0,0,0,0,0,0,0,1,0,0,0,0,1,1,1,0,0,1,0,0,0,0,0,0,-1,0,-1,0,0,1,0,0,1,0,0,0,0,0,0,0,1,0,0,-1,0,0,0,0,-1,0,1,0,-1,0,0,0,0,0,0,0,1,0,0,0,0,-1,0,0,-1,0,0,0,-1,0,0,0,0,0,-1,0,0,1,0,0,0,0,0,0,0,-1,0,0,0,0,0,1,-1,0,0,0,1,0,1,0,1,0,-1,0,0,-1,0,1,0,1,1,0,1,0,0,1,1,1,-1,-1,0,1,0,0,0,0,0,1,0,1,0,0,0,1,0,1,0,0,-1,0,0,0,0,1,-1,0,0,0,-1,0,0,0,0,0,-1,0,0,0,0,0,0,0,0,0,0,0,0,1,0,0,-1,0,-1,1,-1,0,0,0,0,1,0,0,0,0,0,0,1,0,0,1,0,0,0,0,0,0,0,0,1,0,0,0,0,0,0,0,0,0,0,0,1,0,0,-1,0,0,0,0,0,0,1,0,0,1,0,0,-1,-1,-1,0,1,0,0,1,0,0,0,0,-1,0,0,0,-1,-1,0,0,0,0,1,0,0,0,0,0,0,0,0,0,0,0,0,0,1,0,1,-1,0,0,0,0,0,1,0,0,0,-1,0,1,0,0,0,0,1,-1,0,1,0,-1,0,-1,-1,0,0,-1,0,0,0,0,0,0,1,0,0,0,-1,0,0,0,0,0,0,0,0,0,1,0,0,0,0,1,0,-1,0,-1,-1,0,0,0,0,-1,-1,0,0,0,0,0,0,0,0,0,0,0,0,-1,0,0,0,-1,-1,0,0,0,-1,0,1,0,0,-1,0,0,0,0,0,0,0,0,0,0,0,0,0,0,1,0,-1,-1,0,-1,0,1,0,0,1,0,0,0,-1,0,0,0,1,0,1,0,0,0,0,0,-1,1,0,0,0,1,0,0,0,0,-1,0,0,1,1,0,0,0,0,1,-1,-1,0,-1,0,1,0,-1,0,0,0,1,0,0,0,1,-1,0,-1,0,0,1,0,0,-1,0,0,0,0,0,0,0,0,0,0,0,0,0,0,-1,0,0,0,1,0,0,0,0,0,0,0,0,0,0,1,0,-1,-1,0,0,0,0,-1,0,0,0,0,-1,0,0,1,1,-1,0,0,0,0,0,-1,0,0,1,0,0,-1,0,0,0,0,-1,0,-1,-1,0,0,0,0,-1,0,1,-1,0,-1,1,0,0,0,0,0,0,1,0,0,0,0,0,0,-1,0,0,0,0,0,0,0,0,0,0,0,0,0,0,1,-1,0,1,0,0,1,0,0,0,0,0,-1,0,0,0,-1,1,-1,0,0,-1,0,0,0,0,0,0,0,-1,0,-1,0,0,0,0,0,0,0,0,0,0,0,0,0,0,0,0,0,1,0,0,0,1,0,0,1,-1,0,0,0,0,0,0,-1,0,0,-1,0,0,0,0,0,-1,0,0,0,0,0,-1,0,0,0,0,0,-1,0,0,0,0,-1,0,0,0,1,-1,0,0,-1,0,0,0,-1,0,0,0,0,0,};
uint16_t mi2[535]={-1,-1,0,-1,0,0,0,1,-1,0,0,0,1,0,0,1,1,1,0,0,0,1,0,0,-1,1,0,0,1,0,-1,0,0,-1,-1,0,0,0,0,-1,1,0,0,1,-1,0,0,0,0,0,0,0,0,0,0,-1,0,0,1,0,-1,0,0,0,0,0,0,0,-1,0,-1,1,-1,0,-1,0,0,0,0,0,0,0,0,0,0,0,0,0,0,0,0,0,0,0,1,0,0,0,1,1,-1,0,-1,0,0,-1,0,0,0,0,0,-1,0,-1,0,0,0,0,0,0,0,0,0,0,0,0,-1,0,0,0,0,0,0,1,-1,0,0,0,0,0,0,-1,0,0,0,0,0,0,0,0,0,-1,-1,0,0,0,0,0,-1,0,0,0,0,0,0,-1,0,0,0,0,-1,0,0,0,0,0,0,1,0,0,0,-1,0,1,0,0,0,-1,0,0,0,0,0,0,0,1,0,0,0,0,0,1,0,0,0,0,0,0,-1,0,0,0,0,-1,0,0,-1,1,0,0,0,0,0,1,1,0,-1,0,-1,0,0,0,0,0,0,-1,0,0,0,1,0,0,1,0,0,0,0,-1,0,0,1,0,0,1,-1,1,0,0,1,0,0,-1,0,0,-1,1,0,0,-1,0,0,-1,0,1,0,0,1,0,0,0,0,0,0,0,-1,-1,0,-1,0,1,0,0,0,0,1,0,0,-1,0,0,0,0,0,1,0,-1,1,0,0,0,0,0,0,0,0,0,-1,0,0,0,0,-1,-1,0,0,0,-1,0,1,1,0,0,0,0,-1,0,0,0,0,0,-1,0,0,0,0,0,0,0,0,-1,0,0,0,0,0,0,0,0,0,1,1,0,0,0,0,0,0,0,0,0,0,0,0,-1,0,0,0,0,0,-1,0,-1,0,0,0,0,0,0,0,0,0,0,0,1,0,0,0,0,0,-1,0,-1,-1,0,0,-1,1,-1,1,1,-1,0,0,0,0,0,0,0,0,0,0,0,0,0,0,0,0,0,0,0,-1,0,1,0,-1,0,0,1,0,0,0,0,0,0,0,0,0,0,0,0,0,1,0,0,0,1,-1,0,0,0,0,1,0,0,1,0,0,0,0,0,0,-1,0,1,0,0,-1,0,1,0,0,0,0,0,0,0,1,0,0,0,0,0,0,1,1,0,0,1,0,0,-1,1,0,0,0,0,0,-1,0,0,0,0,0,0,0,0,0,0,0,0,0,1,0,0,0,-1,1,-1,0,0,0,-1,1,0,0,1,};
uint16_t fad2[476]={-3085,-3085,-3227,-3252,-3184,-3207,-2920,-2942,-2557,-2577,-2388,-2406,-2295,-2313,-2088,-2105,-1945,-1959,-1978,-1995,-2064,-2081,-1995,-2012,-1946,-1964,-1994,-2011,-1923,-1940,-1811,-1827,-1740,-1756,-1602,-1617,-1432,-1446,-1269,-1283,-1080,-1093,-850,-860,-601,-610,-352,-360,-118,-125,198,193,547,545,789,789,1005,1007,1252,1256,1375,1380,1329,1331,1305,1308,1363,1366,1415,1417,1419,1421,1427,1430,1484,1486,1563,1566,1620,1623,1614,1617,1540,1544,1484,1487,1359,1360,1162,1163,1067,1066,1040,1040,1004,1005,974,974,989,988,1105,1107,1266,1269,1373,1378,1477,1484,1639,1647,1738,1750,1713,1724,1680,1692,1663,1674,1608,1620,1575,1588,1604,1618,1638,1652,1643,1658,1629,1645,1639,1655,1656,1673,1639,1656,1636,1653,1705,1723,1857,1877,2027,2049,2160,2183,2234,2258,2209,2233,2132,2156,2030,2054,1901,1923,1800,1822,1750,1770,1748,1769,1743,1764,1714,1735,1679,1699,1602,1622,1461,1479,1294,1311,1117,1132,951,964,847,860,817,829,825,836,846,857,878,889,888,899,878,888,864,874,795,803,639,646,442,447,233,236,4,4,-274,-275,-573,-579,-861,-868,-1151,-1162,-1490,-1505,-1898,-1916,-2347,-2369,-2869,-2896,-3391,-3421,-3650,-3683,-3718,-3751,-3880,-3917,-3955,-3991,-3689,-3724,-3568,-3604,-3859,-3895,-3986,-4024,-3958,-3995,-4100,-4140,-4129,-4168,-3894,-3932,-3493,-3528,-3139,-3170,-3002,-3031,-2842,-2871,-2628,-2653,-2551,-2576,-2625,-2650,-2599,-2624,-2403,-2424,-2293,-2312,-2209,-2227,-2038,-2055,-1896,-1910,-1750,-1762,-1537,-1545,-1302,-1308,-1027,-1029,-693,-694,-364,-360,-56,-49,228,238,521,532,883,899,1206,1225,1438,1461,1672,1697,1879,1906,1926,1954,1863,1892,1838,1865,1842,1871,1812,1840,1741,1769,1686,1713,1670,1697,1637,1663,1571,1598,1445,1469,1299,1322,1195,1216,1010,1031,826,843,753,770,714,729,657,672,633,647,724,739,893,909,1031,1046,1136,1152,1293,1310,1476,1493,1552,1570,1565,1580,1620,1636,1668,1682,1678,1693,1735,1750,1839,1852,1920,1933,1931,1943,1938,1949,1969,1980,1902,1912,1787,1796,1744,1751,1788,1795,1902,1909,2016,2025,2081,2089,2068,2076,1983,1990,1848,1854,1687,1691,1540,1543,1420,1420,1332,1333,1255,1254,1129,1129,972,971,804,800,608,606,381,375,149,142,-65,-73,-223,-232,-302,-310,-310,-318,-279,-285,-238,-244,-177,-182,-96,-98,-15,-16,39,40,40,43,-18,-16,-118,-116,-256,-254,-442,-442,-672,-673,-896,-898,-1117,-1119,-1382,-1387,-1686,-1692,-2031,-2040,-2471,-2483,-2955,-2969,-3254,-3271,-3308,-3326,-3408,-3425,-3561,-3581,-3380,-3398,-3123,-3139,-3312,-3330,-3517,-3537,-3449,};
uint16_t do3[337]={800,800,806,730,735,393,397,172,173,266,269,611,616,1132,1141,1552,1564,1661,1675,1662,1675,1752,1766,1803,1817,1757,1770,1756,1769,1979,1994,2526,2546,3144,3168,3404,3430,3213,3238,2826,2848,2434,2452,2261,2279,2411,2430,2946,2970,3962,3993,5111,5153,5854,5901,5954,6001,5612,5656,5124,5164,4757,4796,4740,4778,4865,4904,4757,4796,4259,4293,3453,3481,2607,2627,1868,1883,1177,1185,351,354,-506,-509,-1083,-1092,-1298,-1308,-1185,-1193,-923,-930,-815,-822,-1045,-1053,-1505,-1516,-1972,-1987,-2291,-2308,-2386,-2406,-2362,-2380,-2339,-2357,-2369,-2389,-2550,-2570,-2991,-3016,-3687,-3717,-4446,-4482,-4875,-4914,-4437,-4472,-3334,-3361,-2645,-2666,-2676,-2698,-2880,-2903,-3093,-3118,-3447,-3474,-3986,-4018,-4636,-4673,-4879,-4918,-4308,-4343,-3332,-3359,-2471,-2491,-2050,-2066,-2233,-2250,-2666,-2688,-2952,-2975,-3047,-3071,-2924,-2949,-2511,-2531,-1957,-1973,-1300,-1311,-345,-348,655,660,1267,1278,1365,1376,1096,1104,777,782,720,725,1023,1031,1548,1561,2114,2130,2459,2479,2441,2461,2287,2304,2132,2149,1868,1883,1536,1548,1310,1320,1450,1462,2015,2030,2621,2641,2833,2856,2558,2578,1998,2014,1366,1377,872,878,585,590,578,582,943,950,1370,1381,1409,1419,987,996,329,332,-284,-285,-528,-533,-305,-308,30,30,186,188,178,180,140,141,281,283,594,599,818,824,674,679,242,244,-147,-149,-400,-404,-437,-440,-289,-291,-226,-229,-425,-429,-872,-878,-1388,-1399,-1695,-1709,-1689,-1702,-1473,-1485,-1110,-1118,-653,-659,-308,-311,-240,-242,-460,-465,-800,-805,-759,-766,114,115,1166,1174,1383,1394,922,930,358,362,-232,-234,-907,-914,-1728,-1741,-2584,-2603,-2908,-2933,-2526,-2547,-1937,-1953,-1502,-1515,-1524,-1536,-2092,-2109,-2668,-2691,-2902,-2924,-2896,-2919,-2729,-2750,-2436,-2455,-2199,-2216,-1842,-1857,-1110,-1118,-318,-320,201,204,341,};
uint16_t mi3[267]={-173,-173,-175,-263,-266,-195,-196,18,17,255,258,325,327,72,72,-444,-448,-1045,-1052,-1624,-1636,-2110,-2127,-2300,-2318,-2016,-2031,-1407,-1418,-921,-927,-846,-852,-968,-976,-1138,-1147,-1588,-1601,-2178,-2195,-2498,-2517,-2572,-2593,-2611,-2632,-2642,-2663,-2683,-2704,-2766,-2788,-2780,-2800,-2781,-2805,-2921,-2945,-3076,-3101,-3067,-3091,-2921,-2943,-2684,-2705,-2388,-2408,-2093,-2110,-1942,-1957,-1935,-1951,-1891,-1906,-1756,-1770,-1489,-1500,-1041,-1048,-525,-529,16,16,626,631,1201,1212,1591,1603,1727,1741,1665,1678,1591,1604,1607,1619,1664,1678,1769,1783,1966,1982,2203,2220,2319,2339,2200,2217,1874,1889,1454,1466,1067,1076,790,797,679,684,727,732,811,817,794,800,648,652,434,438,210,211,33,34,-15,-15,99,100,309,311,458,463,378,382,10,10,-534,-539,-1088,-1097,-1607,-1620,-2024,-2040,-2093,-2109,-1646,-1660,-872,-878,-191,-192,119,120,272,273,369,372,135,135,-204,-206,-201,-203,9,9,168,170,267,269,276,278,262,265,416,420,655,659,786,793,888,895,1000,1008,959,966,736,742,536,541,515,519,589,592,696,701,859,867,1010,1018,1074,1083,1095,1104,1134,1142,1320,1329,1706,1719,2062,2079,2186,2203,2122,2138,1975,1990,1852,1865,1825,1839,1830,1844,1798,1812,1750,1764,1716,1730,1714,1727,1689,1701,1570,1582,1367,1378,1100,1108,810,817,614,619,582,586,631,637,598,602,428,431,188,190,-48,};
uint16_t fad3[238]={713,713,593,599,543,547,459,463,283,286,60,60,-131,-131,-229,-231,-188,-189,-56,-56,63,63,111,112,83,84,68,69,209,211,501,504,789,795,893,901,715,723,312,314,-179,-179,-657,-663,-1100,-1110,-1521,-1533,-1907,-1922,-2153,-2169,-2136,-2153,-1892,-1906,-1688,-1702,-1797,-1811,-2145,-2163,-2425,-2445,-2523,-2543,-2425,-2444,-2108,-2126,-1785,-1800,-1741,-1755,-2036,-2053,-2485,-2504,-2689,-2712,-2376,-2395,-1695,-1708,-967,-975,-543,-548,-650,-656,-1121,-1130,-1532,-1545,-1574,-1586,-1223,-1233,-770,-777,-527,-530,-511,-516,-551,-556,-521,-526,-392,-395,-207,-209,-73,-74,-39,-40,-50,-51,-7,-6,146,147,381,384,610,615,708,714,643,648,523,528,462,466,542,546,754,760,955,964,984,991,778,785,449,452,230,232,307,309,639,644,991,999,1127,1137,970,978,631,637,280,281,-13,-13,-265,-267,-503,-507,-667,-671,-566,-571,-92,-93,629,635,1231,1241,1417,1429,1318,1328,1108,1117,810,816,660,665,798,803,995,1004,1012,1020,721,727,269,271,40,41,229,231,718,725,1280,1290,1607,1620,1521,1533,1211,1220,1006,1014,1100,1108,1454,1465,1807,1821,1955,1970,1934,1949,1875,1890,1852,1866,1884,1899,1896,1911,1757,1771,1467,1479,1143,1151,879,};
uint16_t do4[168]={1548,1548,1560,1573,1465,1477,1283,1292,1064,1073,824,832,562,566,251,253,-125,-126,-585,-590,-1125,-1134,-1663,-1676,-2089,-2104,-2366,-2385,-2553,-2572,-2717,-2738,-2821,-2843,-2854,-2877,-2922,-2946,-3052,-3077,-3173,-3198,-3233,-3259,-3196,-3223,-3067,-3092,-2934,-2957,-2827,-2849,-2677,-2699,-2438,-2458,-2142,-2160,-1812,-1827,-1389,-1400,-851,-857,-272,-275,247,250,652,658,964,971,1230,1240,1440,1451,1562,1575,1663,1676,1834,1849,2092,2110,2389,2408,2625,2645,2702,2725,2665,2686,2566,2587,2424,2443,2267,2284,2098,2115,1880,1896,1563,1576,1154,1164,750,758,474,478,355,359,283,285,141,142,-10,-10,-134,-135,-336,-339,-618,-624,-849,-856,-933,-941,-880,-887,-767,-774,-699,-704,-716,-721,-729,-734,-645,-651,-464,-468,-196,-198,194,195,688,693,1166,1174,1491,1503,1628,1640,1633,1646,1591,1605,1545,1557,1484,1496,1447,1457,1473,1485,1549,1562,1659,};
uint16_t lad1[754]={-1440,-1440,-1472,-1498,-1468,-1492,-1432,-1456,-1331,-1353,-1191,-1210,-1024,-1040,-803,-816,-564,-574,-337,-346,-94,-102,170,163,438,433,674,668,854,848,968,962,1048,1040,1144,1134,1294,1283,1505,1492,1770,1758,2047,2035,2276,2265,2414,2402,2448,2436,2403,2391,2267,2254,2067,2052,1852,1837,1641,1624,1443,1426,1258,1241,1074,1057,885,868,677,662,447,432,223,210,20,9,-148,-156,-229,-234,-197,-197,-47,-43,188,198,477,493,796,816,1086,1111,1335,1364,1547,1580,1682,1716,1751,1787,1756,1791,1696,1731,1561,1595,1369,1401,1125,1154,838,865,548,571,251,272,-35,-18,-290,-276,-477,-467,-601,-594,-685,-680,-690,-688,-620,-620,-523,-525,-390,-393,-225,-227,-60,-61,81,79,194,191,289,285,375,372,471,468,587,584,692,688,751,747,773,768,731,724,631,622,516,505,408,397,318,307,238,227,177,164,145,132,130,116,119,107,90,79,40,32,11,4,-2,-8,-37,-41,-90,-91,-159,-159,-277,-277,-426,-424,-578,-576,-735,-731,-888,-882,-1040,-1033,-1181,-1175,-1315,-1308,-1414,-1406,-1445,-1434,-1426,-1413,-1380,-1364,-1317,-1300,-1284,-1264,-1297,-1275,-1316,-1294,-1327,-1306,-1308,-1286,-1273,-1254,-1279,-1262,-1328,-1314,-1426,-1416,-1565,-1560,-1706,-1708,-1849,-1858,-1987,-2001,-2095,-2115,-2174,-2197,-2206,-2231,-2208,-2234,-2228,-2255,-2268,-2294,-2362,-2386,-2532,-2555,-2741,-2764,-2981,-3001,-3255,-3273,-3568,-3584,-3950,-3963,-4375,-4389,-4824,-4838,-5279,-5293,-5624,-5638,-5672,-5686,-5430,-5441,-4953,-4961,-4296,-4297,-3708,-3706,-3338,-3334,-3046,-3042,-2675,-2669,-2147,-2138,-1416,-1406,-606,-591,175,195,776,799,1220,1246,1519,1545,1688,1712,1866,1889,1971,1992,2031,2051,2102,2119,2117,2133,2065,2078,1946,1958,1823,1835,1706,1717,1469,1477,1217,1225,1074,1080,965,970,911,918,928,935,952,961,934,945,860,870,770,778,701,711,654,664,593,605,524,535,442,452,346,358,233,246,83,94,-167,-156,-549,-539,-1006,-1000,-1530,-1529,-2056,-2058,-2521,-2525,-2933,-2939,-3247,-3255,-3468,-3475,-3639,-3646,-3705,-3710,-3669,-3672,-3527,-3526,-3220,-3215,-2790,-2780,-2264,-2249,-1624,-1604,-931,-907,-251,-223,406,438,1009,1045,1532,1569,1944,1983,2244,2281,2471,2507,2661,2693,2862,2894,3109,3137,3389,3416,3678,3704,3951,3975,4175,4197,4292,4312,4278,4295,4152,4167,3948,3958,3680,3687,3383,3385,3094,3093,2811,2806,2504,2495,2174,2163,1806,1794,1392,1379,956,942,525,510,131,114,-172,-189,-352,-365,-384,-396,-278,-285,-98,-101,141,141,392,396,608,616,785,797,922,934,994,1008,1017,1031,991,1006,906,923,763,778,554,566,290,301,-2,6,-279,-275,-514,-513,-674,-675,-749,-751,-752,-755,-678,-680,-564,-568,-421,-424,-238,-241,-35,-36,186,184,425,423,654,654,866,867,1059,1061,1222,1224,1364,1367,1483,1486,1587,1589,1661,1663,1686,1687,1653,1654,1571,1570,1443,1443,1291,1291,1127,1126,964,964,813,812,660,660,527,527,395,395,257,258,136,138,26,29,-54,-51,-105,-102,-160,-156,-211,-207,-274,-270,-377,-373,-503,-501,-660,-657,-837,-835,-1012,-1011,-1177,-1177,-1305,-1304,-1376,-1376,-1388,-1387,-1325,-1322,-1240,-1233,-1160,-1151,-1064,-1051,-994,-979,-968,-953,-962,-946,-953,-938,-932,-919,-899,-888,-861,-854,-828,-826,-839,-842,-886,-895,-933,-949,-968,-994,-969,-1000,-935,-972,-890,-931,-820,-863,-719,-766,-624,-673,-549,-598,-519,-567,-521,-567,-562,-607,-677,-720,-857,-898,-1102,-1139,-1439,-1474,-1880,-1914,-2421,-2454,-3043,-3077,-3592,-3626,-3891,-3925,-3925,-3958,-3652,-3680,-3147,-3173,-2673,-2693,-2316,-2335,-1899,-1917,-1304,-1319,-533,-545,359,352,1190,1186,1806,1803,2193,2192,2468,2468,2594,2595,2720,2721,2842,2846,2769,2771,2619,2622,2420,2424,2104,2110,1837,1845,1612,1621,1419,1430,1299,1310,1133,1143,1036,1047,1075,1083,1176,1183,1346,1353,1540,1544,1696,1699,1839,1840,1988,1989,2155,2155,2312,2312,2409,2408,2426,2424,2343,2341,2224,2220,2113,2107,1957,1951,1775,1769,1497,1489,1096,1085,628,614,109,91,-385,-406,-802,-825,-1168,};
uint16_t si1[714]={0,0,0,-1,1,-1,-1,0,0,-1,0,-1,0,0,0,0,0,1,0,0,0,0,0,0,0,0,-1,-1,1,0,1,0,1,0,0,0,1,-1,0,0,0,0,0,0,0,0,1,1,0,-1,-1,0,0,-1,-1,-1,0,-1,0,0,0,0,0,0,0,-1,0,0,1,0,0,0,0,0,0,0,0,0,0,0,0,0,0,0,0,0,0,0,0,0,0,-1,0,1,0,0,0,0,1,1,0,0,1,0,1,0,0,0,-1,0,0,0,0,0,0,0,0,0,0,0,1,0,0,0,0,0,0,0,0,0,-1,-1,0,0,0,0,0,0,0,0,0,0,0,0,1,1,0,0,0,0,1,0,0,1,0,1,1,0,0,0,0,1,0,0,0,-1,0,1,0,-1,0,-1,0,0,0,0,0,-1,0,0,0,0,0,0,0,0,0,0,0,0,0,0,0,0,0,0,-1,0,0,-1,0,0,0,0,0,0,0,0,0,1,0,0,0,0,0,1,0,-1,0,0,0,-1,0,0,1,-1,1,0,0,0,-1,0,0,0,0,0,0,0,1,0,0,-1,0,0,0,0,-1,0,1,0,-1,0,0,0,0,0,0,0,-1,0,-1,0,0,-1,1,0,0,0,-1,0,-1,-1,0,0,0,0,1,0,0,1,1,0,-1,0,0,0,1,0,0,0,0,0,1,0,0,0,0,-1,0,0,0,0,0,0,0,-1,0,-1,-1,0,1,0,0,0,0,-1,0,0,0,0,1,0,-1,1,0,0,0,0,1,0,0,1,0,0,0,-1,0,0,0,0,-1,0,0,0,0,1,0,0,-1,0,1,0,0,0,0,0,1,0,1,0,0,1,0,0,0,1,0,0,0,-1,0,0,-1,0,0,1,0,-1,0,0,0,0,0,0,0,0,0,0,-1,-1,0,0,0,0,1,0,0,0,0,0,0,0,0,0,0,0,1,0,0,0,-1,0,0,0,-1,0,0,0,-1,0,-1,-1,0,0,0,0,0,1,0,0,0,0,0,-1,1,-1,0,0,0,-1,0,1,0,0,1,0,0,0,1,0,-1,1,0,-1,0,0,0,1,0,-1,0,0,1,0,0,1,0,0,0,0,0,0,0,0,0,0,0,0,0,0,0,0,0,0,0,0,0,0,-1,0,1,0,0,0,0,0,0,0,1,1,-1,0,1,0,0,0,0,1,0,0,0,0,0,0,0,-1,0,-1,-1,1,0,0,0,1,1,0,0,1,1,1,0,0,0,-1,0,1,0,0,0,-1,0,0,0,0,-1,0,0,0,0,0,1,0,0,0,0,0,0,-1,0,0,0,0,0,0,0,0,0,0,1,0,-1,0,-1,1,0,0,1,0,0,0,0,0,0,0,0,-1,0,0,0,0,-1,1,1,0,0,0,0,0,1,0,0,1,0,0,1,0,0,0,-1,0,0,0,0,0,0,0,0,0,0,-1,0,-1,1,0,0,0,-1,0,-1,0,1,0,0,0,-1,0,0,0,0,1,1,0,1,0,0,0,0,0,0,1,-1,0,0,0,0,0,0,1,0,0,0,0,0,1,1,0,0,0,-1,0,0,0,0,0,0,0,-1,0,-1,0,0,1,0,0,-1,-1,0,0,0,0,0,0,0,0,1,0,0,0,0,-1,-1,0,0,0,0,0,1,0,0,1,0,0,0,0,0,};
uint16_t re2[600]={-1,-1,0,1,0,0,0,0,0,-1,0,0,0,-1,0,0,0,0,0,0,0,0,0,0,0,0,0,0,-1,-1,-1,0,-1,0,0,0,0,0,-1,0,0,0,0,0,0,0,0,0,-1,0,0,0,0,0,0,0,0,0,-1,0,0,1,0,1,0,0,0,0,-1,-1,-1,0,0,-1,-1,0,0,0,0,0,0,0,0,1,1,0,0,0,0,0,0,0,-1,0,0,0,0,0,0,0,1,1,-1,0,0,0,-1,0,0,1,0,0,0,0,0,0,0,0,0,0,0,0,0,0,0,0,-1,0,0,0,0,1,0,-1,0,1,0,0,0,0,0,1,0,0,0,0,1,0,0,0,0,0,0,1,0,0,-1,0,0,0,0,0,0,1,0,0,0,0,0,0,1,1,1,-1,1,0,1,-1,0,0,0,0,-1,1,0,0,0,-1,0,0,0,0,0,-1,1,-1,0,0,-1,0,0,-1,0,0,0,0,0,0,0,-1,0,0,0,0,0,0,0,0,0,0,0,1,-1,0,0,0,0,0,0,0,1,1,1,0,0,0,1,0,0,0,0,0,0,0,-1,0,-1,1,0,0,1,0,0,0,0,0,0,1,0,0,0,1,0,0,0,0,0,0,0,0,0,-1,0,0,0,0,0,0,0,0,0,0,0,0,-1,0,0,0,0,0,-1,0,0,0,0,0,0,0,0,0,0,0,0,0,0,0,0,0,0,1,0,0,1,-1,0,-1,-1,0,0,0,0,0,1,0,0,0,0,0,-1,0,-1,0,0,0,1,0,0,0,0,1,0,-1,0,0,0,-1,-1,1,0,0,0,1,0,0,0,-1,0,0,1,-1,0,-1,1,0,0,0,0,1,0,0,0,0,-1,0,0,1,1,0,0,0,0,0,0,0,0,-1,-1,1,0,-1,-1,0,0,0,0,1,1,0,1,0,0,0,0,1,1,1,0,0,0,0,0,0,0,-1,0,0,0,0,1,0,-1,0,0,0,-1,0,1,0,0,-1,0,0,-1,0,-1,0,0,0,0,0,1,0,0,-1,-1,0,1,-1,0,0,0,0,0,0,0,0,0,-1,-1,-1,0,1,1,0,0,0,0,0,0,0,0,0,0,0,0,0,0,0,0,0,0,0,1,0,-1,1,0,0,1,0,1,0,0,0,-1,0,0,0,0,0,1,-1,0,0,0,0,0,1,0,0,1,-1,0,0,0,0,0,0,0,0,0,0,0,-1,-1,0,1,0,1,0,0,0,0,1,1,1,-1,0,1,1,0,0,0,0,0,0,1,1,1,0,0,0,-1,0,0,0,1,0,0,0,0,1,0,0,-1,0,0,0,1,0,1,0,0,0,0,0,-1,0,-1,0,0,0,0,0,0,0,0,0,0,0,-1,0,0,0,0,0,0,-1,0,0,0,};
uint16_t fa2[505]={0,0,0,0,0,-1,0,0,0,-1,0,0,0,0,0,0,0,1,0,-1,0,0,0,0,0,0,0,-1,-1,1,1,0,0,0,0,1,0,0,0,0,0,0,0,0,0,-1,0,0,0,-1,0,1,0,0,0,1,0,0,0,0,0,-1,0,0,-1,0,0,0,0,0,0,0,0,0,0,0,0,0,0,1,0,0,0,0,0,0,0,1,0,0,0,0,-1,0,0,1,0,0,0,0,1,0,0,-1,1,0,0,0,0,0,1,0,-1,0,1,0,0,0,-1,-1,-1,0,0,1,0,1,0,0,0,-1,0,0,0,0,0,0,0,-1,1,1,-1,-1,0,0,0,0,0,0,0,0,0,1,0,0,0,0,0,0,0,1,1,-1,0,0,0,0,0,0,0,-1,1,0,1,-1,0,1,0,0,0,0,0,0,0,0,1,1,0,0,0,0,0,0,0,0,0,0,0,0,0,0,0,0,0,0,0,-1,-1,0,0,0,0,0,0,1,0,1,0,0,1,0,0,0,-1,0,0,0,1,1,1,0,0,0,0,0,1,0,0,0,0,1,0,-1,0,1,0,-1,1,-1,0,0,0,0,1,-1,0,-1,0,0,1,0,0,0,1,-1,-1,0,0,0,0,0,-1,0,0,0,0,0,1,0,1,0,0,0,0,0,0,-1,0,1,0,0,0,0,1,0,1,-1,0,0,0,-1,0,0,0,-1,0,1,0,0,0,-1,1,-1,0,0,0,0,1,0,0,0,0,0,0,0,0,0,0,0,0,0,0,-1,0,0,0,1,0,0,0,0,1,0,-1,0,0,0,0,0,0,0,0,0,1,0,0,0,1,0,0,0,0,-1,1,0,0,1,-1,-1,0,0,0,-1,0,0,0,-1,-1,0,0,0,0,0,0,0,0,0,0,0,0,0,-1,0,0,0,0,0,1,0,0,0,0,0,-1,1,0,0,0,0,1,0,0,0,0,0,0,0,0,0,0,1,0,1,0,0,0,0,0,0,0,0,-1,0,0,0,0,0,0,0,1,-1,0,0,0,0,-1,0,0,1,-1,0,0,0,-1,0,-1,0,0,0,-1,-1,1,0,0,0,1,0,1,0,0,0,0,1,0,0,0,0,0,0,-1,0,0,0,0,-1,0,0,0,-1,-1,0,-1,1,0,0,0,0,0,0,0,0,-1,-1,0,1,0,0,};
uint16_t la2[400]={1517,1517,1792,1807,2098,2115,2145,2161,1756,1770,1153,1162,619,624,167,168,-115,-116,-217,-219,-227,-230,-127,-129,63,63,230,232,311,313,244,246,30,30,-166,-168,-307,-309,-326,-329,-189,-191,2,2,172,174,379,383,679,684,1061,1068,1350,1361,1403,1413,1210,1220,855,863,470,474,197,199,222,225,493,496,793,798,940,948,898,903,722,728,552,556,368,371,201,202,209,210,379,383,471,475,365,367,105,107,-172,-174,-368,-372,-446,-450,-402,-406,-274,-277,-199,-201,-268,-270,-487,-491,-697,-704,-776,-782,-681,-687,-469,-472,-273,-276,-135,-137,-43,-42,-26,-25,-78,-78,-168,-170,-329,-331,-518,-522,-608,-612,-480,-483,-206,-207,64,64,131,132,-49,-50,-355,-357,-620,-626,-786,-792,-855,-862,-856,-862,-886,-893,-1003,-1011,-1227,-1237,-1507,-1520,-1861,-1877,-2374,-2393,-2917,-2940,-3100,-3125,-2663,-2685,-1936,-1951,-1123,-1132,-452,-456,-31,-30,204,205,131,133,-29,-29,88,88,466,470,747,754,871,877,1004,1011,1339,1350,1758,1772,2114,2130,2455,2475,2755,2777,2821,2844,2443,2462,1811,1826,1160,1170,580,585,132,133,-86,-87,-160,-160,-104,-105,51,51,173,175,171,172,-23,-22,-331,-333,-598,-604,-740,-745,-702,-708,-527,-532,-270,-272,-16,-16,292,294,724,731,1178,1188,1628,1641,1890,1904,1828,1842,1610,1622,1290,1300,963,970,910,918,1080,1089,1255,1266,1277,1287,1152,1161,958,965,725,730,515,518,366,368,355,358,505,510,563,567,420,423,128,129,-174,-176,-303,-305,-298,-300,-184,-185,0,-1,162,163,148,149,-34,-34,-189,-190,-166,-167,-14,-15,205,207,433,437,555,560,585,590,533,537,472,476,297,300,55,54,-169,-169,-286,-288,-239,-240,-111,-112,-25,-26,-183,-184,-575,-580,-1064,-1072,-1466,-1478,-1740,-1753,-1868,-1882,-1930,-1946,-2008,-2023,-2126,-2143,-2330,-2348,-2588,-2608,-2934,-2957,-3406,-3433,-3919,-3951,-4072,-4104,-3560,-3588,-2684,-2705,-1730,-1744,-989,-996,-567,-571,-313,-315,-381,-383,-558,-563,-399,-403,9,10,351,353,522,526,669,675,1052,1061,1536,1547,1916,};
uint16_t si2[357]={-118,-118,-118,-425,-430,-583,-587,-486,-490,-123,-125,403,407,931,938,1408,1418,1807,1822,2058,2074,2263,2279,2515,2535,2790,2812,3153,3179,3705,3734,4326,4361,4840,4878,5099,5140,5063,5103,4835,4874,4525,4561,4216,4249,3990,4022,3846,3877,3623,3652,3265,3291,2811,2834,2293,2312,1755,1769,1233,1243,768,775,413,416,126,128,-176,-178,-487,-492,-696,-703,-760,-766,-741,-748,-669,-675,-628,-633,-745,-751,-1008,-1016,-1353,-1362,-1706,-1719,-1960,-1975,-2060,-2076,-1967,-1982,-1621,-1634,-1178,-1187,-875,-881,-792,-799,-953,-960,-1253,-1263,-1511,-1523,-1678,-1692,-1783,-1797,-1825,-1839,-1931,-1947,-2281,-2299,-2904,-2927,-3393,-3419,-3308,-3335,-2882,-2904,-2283,-2300,-1620,-1633,-1127,-1137,-841,-848,-782,-789,-780,-786,-590,-594,-345,-347,-141,-142,-10,-10,-59,-58,-117,-117,-65,-65,98,98,558,562,1256,1267,1665,1678,1434,1445,725,732,-105,-105,-759,-766,-1066,-1074,-1077,-1086,-1011,-1019,-1117,-1126,-1449,-1461,-1878,-1893,-2288,-2305,-2590,-2610,-2729,-2751,-2647,-2667,-2335,-2354,-1963,-1978,-1642,-1655,-1288,-1299,-816,-823,-464,-467,-375,-378,-315,-317,-52,-52,515,518,1354,1365,2251,2269,2963,2986,3246,3272,3083,3108,2763,2786,2481,2501,2390,2409,2470,2489,2488,2507,2333,2351,2055,2070,1710,1725,1322,1333,863,870,380,382,-33,-33,-378,-382,-707,-711,-1036,-1045,-1395,-1407,-1780,-1793,-2143,-2160,-2429,-2449,-2577,-2597,-2630,-2651,-2657,-2677,-2710,-2731,-2819,-2842,-2925,-2949,-2889,-2912,-2543,-2562,-1820,-1835,-936,-942,-205,-207,182,184,188,190,-18,-17,-208,-210,-327,-330,-387,-389,-457,-462,-668,-672,-1128,-1138,-1898,-1913,-2614,-2635,-2735,-2756,-2462,-2482,-2036,-2052,-1515,-1527,-1161,-1169,-921,-929,-764,-771,-692,-697,-517,-520,-322,-325,-200,-202,-84,-85,-34,-34,146,147,531,536,914,921,1396,1406,2091,2108,2610,2630,2580,2600,2099,2116,1511,1523,1050,1059,783,788,743,749,830,837,752,758,432,436,53,};
uint16_t fa3[252]={811,811,817,1214,1225,1691,1705,2036,2052,2143,2160,2104,2121,2112,2129,2253,2271,2327,2345,2118,2134,1655,1667,1054,1062,353,356,-336,-339,-727,-732,-853,-858,-902,-909,-845,-852,-718,-724,-518,-523,-300,-301,-268,-270,-401,-404,-498,-503,-469,-473,-381,-385,-261,-264,-132,-133,2,3,233,235,513,517,746,753,969,976,1273,1283,1492,1504,1399,1410,959,966,275,278,-367,-369,-769,-775,-897,-904,-896,-902,-1012,-1021,-1330,-1340,-1775,-1789,-2204,-2222,-2609,-2630,-3007,-3030,-3298,-3324,-3517,-3545,-3621,-3649,-3528,-3556,-3562,-3591,-3921,-3952,-4521,-4557,-4674,-4712,-3772,-3802,-2360,-2378,-1168,-1178,-457,-461,-265,-268,-582,-587,-922,-930,-717,-722,-82,-81,615,620,1122,1130,1348,1359,1361,1372,1406,1417,1764,1777,2188,2205,2261,2279,1839,1853,1016,1024,16,17,-867,-874,-1309,-1319,-1373,-1385,-1349,-1359,-1252,-1263,-1075,-1084,-811,-818,-508,-512,-316,-320,-253,-253,-211,-213,-124,-126,-9,-10,157,158,373,376,635,640,1000,1008,1394,1404,1665,1678,1832,1847,2099,2116,2375,2393,2386,2405,2054,2070,1451,1463,870,876,539,542,506,511,664,669,842,849,944,951,925,933,827,833,621,626,278,280,-100,-100,-354,-356,-420,-424,-405,-408,-475,-478,-796,-802,-1356,-1366,-1546,-1558,-779,-785,448,451,1439,1450,1927,1942,1927,1943,1502,1514,951,959,};
uint16_t la3[200]={125,125,652,657,1115,1124,1387,1397,1379,1389,1110,1118,668,672,137,138,-389,-392,-842,-848,-1115,-1123,-1098,-1107,-816,-822,-394,-396,24,23,363,366,591,596,683,689,662,667,583,589,480,484,346,348,142,144,-181,-183,-634,-639,-1213,-1223,-1879,-1894,-2465,-2484,-2804,-2826,-2867,-2890,-2762,-2784,-2572,-2592,-2297,-2315,-1923,-1938,-1440,-1452,-954,-962,-611,-615,-406,-409,-313,-317,-335,-338,-441,-445,-624,-628,-883,-890,-1199,-1210,-1510,-1523,-1725,-1739,-1860,-1874,-1948,-1965,-1940,-1954,-1742,-1755,-1246,-1256,-525,-529,178,178,674,679,920,926,978,985,889,896,670,674,387,390,129,130,25,26,193,193,553,557,850,856,917,924,797,803,607,612,416,420,254,255,140,141,97,97,136,137,236,239,335,338,372,376,311,313,170,171,51,51,90,90,333,336,677,682,1047,1056,1450,1462,1876,1889,2334,2352,2729,2752,2952,2975,3019,3044,2926,2950,2649,2670,2242,2260,1774,1788,1280,1289,746,751,218,220,-206,-207,-475,-480,-591,-596,-546,-551,-339,-341,30,};
uint16_t si3[178]={-420,-420,-423,-469,-473,-420,-424,-287,-288,-123,-124,15,15,109,109,164,166,179,180,141,142,45,45,-111,-112,-311,-314,-544,-547,-809,-815,-1081,-1090,-1322,-1331,-1510,-1522,-1631,-1643,-1665,-1678,-1602,-1615,-1461,-1473,-1290,-1301,-1144,-1153,-1071,-1080,-1105,-1114,-1238,-1248,-1367,-1378,-1358,-1368,-1178,-1187,-881,-889,-532,-535,-185,-186,110,111,310,315,394,397,360,362,246,249,70,71,-113,-114,-204,-206,-202,-204,-165,-167,-120,-122,-86,-88,-28,-29,127,128,380,384,670,675,938,945,1143,1152,1275,1285,1341,1351,1348,1359,1296,1307,1208,1218,1107,1115,997,1005,864,870,707,713,554,558,425,428,343,345,328,331,378,381,475,479,583,588,653,658,642,646,514,518,259,261,-63,-63,-300,-303,-352,-355,-229,-231,19,20,333,336,651,656,907,914,1050,1058,1058,1067,958,966,755,761,458,462,170,170,-36,-36,-189,-190,-307,-310,-412,-416,};
uint16_t re4[150]={2107,2107,2293,2312,2321,2338,2189,2207,2002,2018,1826,1840,1654,1668,1429,1440,1104,1112,676,681,184,185,-285,-287,-645,-649,-858,-865,-953,-961,-1039,-1048,-1219,-1230,-1522,-1534,-1924,-1940,-2373,-2391,-2781,-2802,-3095,-3120,-3358,-3384,-3612,-3641,-3780,-3810,-3742,-3773,-3453,-3480,-2943,-2966,-2332,-2350,-1748,-1763,-1240,-1250,-829,-836,-496,-499,-159,-160,197,198,496,501,728,734,942,950,1168,1177,1360,1371,1456,1469,1510,1522,1579,1592,1658,1670,1681,1695,1545,1558,1233,1243,874,880,605,610,518,522,602,607,759,765,857,864,789,795,545,549,244,245,-27,-27,-221,-223,-261,-263,-194,-196,-201,-204,-363,-366,-585,-589,-702,-708,-589,-595,-261,-263,149,150,505,508,735,740,846,852,920,926,1058,1067,1272,1283,1543,1555,1894,1908,2282,};
uint16_t fa4[126]={-691,-691,-697,-789,-795,-860,-866,-879,-887,-865,-871,-854,-860,-888,-895,-952,-959,-998,-1006,-989,-998,-936,-943,-867,-874,-815,-821,-778,-786,-751,-757,-721,-727,-653,-658,-585,-589,-570,-575,-596,-600,-641,-646,-679,-685,-637,-642,-506,-511,-334,-337,-140,-141,51,52,237,239,437,440,652,656,858,864,1037,1046,1187,1196,1299,1308,1388,1400,1477,1489,1560,1574,1612,1625,1615,1627,1561,1574,1455,1466,1306,1317,1133,1141,962,970,830,837,736,740,663,669,616,621,590,595,543,547,437,440,288,289,113,114,-35,-35,-151,-152,-274,-275,-401,-403,-515,-520,-599,-604,-629,-633,-628,-632,-653,-657,-742,-748,};
uint16_t dod2[636]={-2514,-2514,-2649,-2680,-2752,-2783,-2833,-2864,-2857,-2889,-2738,-2770,-2524,-2557,-2235,-2268,-1872,-1902,-1541,-1569,-1269,-1297,-1056,-1084,-892,-922,-773,-804,-767,-799,-818,-851,-844,-879,-864,-899,-848,-879,-741,-770,-565,-589,-343,-365,-120,-140,66,46,199,177,289,266,371,347,467,442,604,578,815,790,1058,1034,1273,1254,1453,1442,1578,1576,1627,1633,1597,1613,1558,1581,1559,1587,1622,1654,1735,1769,1870,1903,2014,2046,2132,2164,2169,2200,2133,2162,2077,2105,2027,2055,2007,2035,2029,2057,2052,2081,1922,1950,1531,1558,1088,1112,683,706,287,307,-1,18,-111,-92,-37,-18,96,117,183,203,241,258,333,348,420,431,434,440,503,505,663,664,796,796,874,874,992,992,1147,1146,1288,1287,1488,1488,1762,1760,2066,2065,2461,2460,2912,2911,3305,3302,3624,3621,3948,3944,4299,4292,4688,4682,5086,5080,5288,5281,5138,5131,4874,4868,4496,4489,3775,3770,3148,3146,2753,2755,2282,2288,1892,1902,1602,1619,1215,1235,820,841,484,507,388,413,418,447,228,257,120,150,140,170,-89,-60,-347,-320,-497,-469,-570,-541,-544,-511,-456,-419,-295,-253,-139,-94,-97,-49,-78,-29,-101,-53,-198,-149,-273,-226,-315,-268,-311,-264,-262,-216,-214,-169,-270,-227,-402,-361,-521,-481,-659,-622,-841,-805,-1080,-1047,-1314,-1281,-1502,-1471,-1622,-1590,-1624,-1594,-1549,-1517,-1326,-1293,-947,-914,-515,-482,-38,-7,395,424,707,731,919,938,1046,1063,1085,1096,1049,1058,1008,1014,975,982,910,917,804,810,641,647,362,368,0,8,-297,-291,-525,-519,-725,-722,-881,-883,-1025,-1034,-1182,-1199,-1344,-1367,-1536,-1562,-1739,-1768,-1921,-1950,-2067,-2094,-2169,-2195,-2226,-2250,-2252,-2276,-2315,-2337,-2467,-2490,-2631,-2655,-2696,-2720,-2708,-2732,-2670,-2696,-2483,-2508,-2216,-2242,-1923,-1949,-1582,-1609,-1324,-1353,-1185,-1218,-1134,-1170,-1136,-1178,-1143,-1190,-1216,-1270,-1349,-1405,-1442,-1502,-1521,-1582,-1581,-1641,-1554,-1610,-1456,-1510,-1326,-1375,-1186,-1235,-1039,-1089,-899,-950,-784,-839,-665,-720,-532,-589,-386,-442,-204,-261,-3,-57,170,121,300,258,384,350,412,388,400,389,409,407,477,485,614,630,808,829,1022,1045,1244,1268,1440,1465,1575,1600,1660,1683,1734,1758,1828,1853,1934,1962,2004,2033,1877,1905,1501,1528,1061,1087,573,596,50,71,-353,-335,-548,-529,-550,-531,-491,-471,-444,-424,-380,-362,-273,-256,-227,-213,-244,-236,-151,-148,26,26,163,157,262,253,380,367,470,453,501,480,547,524,608,583,677,648,824,794,1023,990,1200,1166,1415,1378,1674,1634,1933,1890,2283,2238,2760,2715,3233,3188,3479,3436,3378,3334,3163,3118,2820,2777,2182,2143,1672,1639,1407,1382,1086,1069,852,843,718,716,437,442,157,165,-52,-39,-47,-30,58,80,-89,-66,-147,-122,-104,-78,-367,-342,-706,-683,-989,-966,-1216,-1190,-1324,-1294,-1382,-1349,-1351,-1314,-1295,-1255,-1323,-1280,-1343,-1302,-1426,-1384,-1620,-1579,-1796,-1755,-1957,-1917,-2095,-2056,-2158,-2120,-2190,-2153,-2266,-2232,-2322,-2292,-2316,-2286,-2277,-2249,-2263,-2237,-2386,-2360,-2603,-2578,-2790,-2765,-2896,-2872,-2914,-2888,-2834,-2807,-2551,-2520,-2055,-2021,-1492,-1456,-924,-887,-415,-381,-41,-11,229,252,413,429,523,533,572,579,580,584,594,596,587,592,535,544,422,431,210,220,-56,-45,-274,-265,-439,-429,-589,-583,-767,-766,-966,-971,-1165,-1179,-1391,-1414,-1657,-1685,-1893,-1925,-2063,-2095,-2194,-2226,-2283,-2314,-2339,-2367,-2393,};
uint16_t red2[566]={0,0,0,0,0,0,0,0,0,0,-1,0,0,1,0,0,0,-1,0,-1,1,0,0,0,0,0,0,0,0,0,-1,0,0,-1,-1,0,0,0,0,0,1,-1,0,0,0,0,0,0,0,0,0,0,0,0,1,0,0,0,0,0,0,1,-1,0,0,0,0,0,0,0,0,0,0,0,0,1,0,0,0,0,-1,0,0,-1,0,0,-1,-1,0,0,0,0,0,1,1,0,1,-1,0,-1,0,0,1,0,0,0,0,0,0,0,0,0,0,1,0,0,0,-1,0,0,0,0,-1,0,0,-1,0,0,0,0,0,0,0,0,0,0,1,0,0,1,0,0,0,0,0,-1,-1,0,0,0,0,0,0,0,0,0,0,0,0,0,0,0,0,0,0,0,0,0,-1,0,-1,0,0,0,1,0,0,0,0,0,0,0,0,0,0,-1,0,-1,0,-1,0,1,0,0,0,0,0,-1,0,0,-1,0,0,0,-1,0,0,0,0,0,0,0,0,0,0,0,-1,0,1,0,0,1,0,0,0,0,0,0,0,1,-1,0,0,0,0,0,0,0,0,0,1,0,0,0,0,0,0,0,0,-1,0,0,0,-1,0,0,-1,0,0,0,-1,0,1,-1,0,0,-1,0,0,0,-1,0,1,0,0,0,-1,0,0,0,0,0,0,1,1,0,0,0,1,0,1,1,-1,0,0,1,0,0,0,0,0,-1,0,1,0,0,0,0,0,0,-1,0,0,0,-1,0,0,1,0,0,0,1,0,0,-1,0,0,-1,0,-1,-1,0,-1,0,0,0,-1,0,0,0,0,0,0,0,0,1,-1,0,-1,0,-1,0,1,1,0,-1,0,0,1,0,1,1,-1,-1,0,-1,0,1,-1,-1,-1,0,0,0,-1,1,1,-1,0,-1,0,0,0,0,0,-1,0,0,0,0,1,0,-1,0,-1,0,-1,0,0,0,0,0,-1,0,1,0,-1,1,0,0,0,0,0,0,1,0,0,-1,0,1,1,0,0,0,1,0,0,0,-1,0,0,0,1,0,0,0,0,0,0,0,0,0,0,0,0,1,0,0,0,1,0,0,-1,0,0,0,0,0,0,-1,1,0,0,0,0,0,0,-1,0,0,0,0,0,0,0,-1,1,-1,0,0,0,0,-1,0,0,0,0,0,0,1,0,-1,-1,0,0,1,0,0,0,0,0,0,1,0,0,0,0,0,0,0,0,0,0,0,-1,0,0,0,0,0,0,0,0,0,1,0,0,-1,0,0,0,0,0,0,0,1,0,0,0,0,0,0,0,0,-1,0,0,-1,0,0,0,0,0,1,0,0,0,0,0,0,0,0,0,0,0,0,0,};
uint16_t sol2[449]={-2742,-2742,-2473,-2495,-2228,-2248,-1988,-2007,-1749,-1765,-1515,-1529,-1292,-1305,-1072,-1082,-842,-850,-605,-611,-369,-374,-147,-148,69,70,279,281,484,488,682,688,878,885,1070,1080,1255,1265,1425,1438,1568,1583,1676,1691,1749,1764,1785,1801,1798,1814,1822,1838,1869,1887,1916,1933,1942,1961,1974,1993,2021,2040,2047,2066,2035,2054,2016,2035,2031,2050,2057,2076,2063,2083,2069,2088,2068,2088,2056,2075,2021,2039,1961,1980,1920,1939,1917,1935,1924,1940,1914,1931,1904,1920,1913,1929,1907,1922,1840,1854,1724,1738,1613,1626,1522,1534,1406,1416,1277,1286,1177,1184,1080,1087,950,953,806,809,699,700,614,614,531,529,478,476,475,473,493,492,521,517,539,537,544,541,545,541,554,551,565,561,563,559,552,548,536,531,495,489,414,409,305,299,169,160,0,-9,-198,-208,-405,-417,-623,-637,-862,-877,-1116,-1134,-1367,-1386,-1602,-1623,-1803,-1824,-1963,-1987,-2089,-2113,-2178,-2202,-2230,-2254,-2265,-2287,-2299,-2321,-2341,-2364,-2377,-2399,-2388,-2408,-2387,-2407,-2374,-2395,-2348,-2367,-2314,-2334,-2283,-2301,-2238,-2255,-2181,-2197,-2121,-2135,-2046,-2060,-1949,-1962,-1828,-1840,-1688,-1698,-1540,-1549,-1381,-1389,-1202,-1208,-996,-1001,-759,-762,-512,-513,-285,-284,-84,-82,91,95,249,254,399,405,546,554,704,712,884,895,1086,1098,1296,1310,1514,1529,1738,1756,1965,1984,2184,2205,2399,2420,2614,2637,2829,2854,3035,3063,3226,3254,3378,3408,3485,3514,3549,3580,3574,3604,3574,3605,3574,3605,3562,3594,3520,3551,3460,3488,3401,3431,3345,3372,3256,3283,3140,3164,3037,3061,2977,2999,2909,2931,2820,2841,2735,2755,2649,2669,2559,2578,2450,2467,2332,2348,2259,2274,2223,2239,2193,2208,2143,2157,2088,2102,2037,2049,1926,1937,1737,1747,1522,1531,1333,1340,1137,1144,904,907,668,672,444,445,189,190,-100,-102,-367,-370,-587,-589,-771,-775,-912,-915,-990,-994,-1017,-1021,-1002,-1006,-965,-967,-930,-931,-893,-895,-834,-834,-757,-756,-678,-676,-605,-604,-534,-531,-494,-490,-514,-511,-582,-579,-690,-688,-839,-838,-1034,-1035,-1257,-1259,-1483,-1486,-1723,-1728,-1983,-1991,-2254,-2263,-2523,-2535,-2770,-2784,-2971,-2988,-3135,-3153,-3267,-3287,-3372,-3393,-3450,-3471,-3519,-3541,-3598,-3620,-3689,-3713,-3768,-3793,-3829,-3855,-3879,-3905,-3910,-3937,-3938,-3967,-3972,-4002,-3999,-4028,-4008,-4038,-4015,-4045,-4019,-4051,-4002,-4033,-3956,-3987,-3887,-3918,-3800,-3830,-3690,-3720,-3562,-3591,-3409,-3436,-3216,-3242,};
uint16_t lad2[378]={321,321,324,1275,1283,1473,1484,1548,1560,1744,1759,2087,2104,2609,2630,3125,3150,3400,3427,3073,3097,2034,2050,615,619,-823,-829,-1846,-1860,-2003,-2019,-1253,-1265,-118,-120,744,751,1098,1106,999,1006,550,554,-170,-171,-1030,-1039,-1819,-1835,-2185,-2203,-1823,-1839,-1034,-1043,-362,-366,89,88,425,428,768,774,1098,1108,1372,1383,1659,1672,2006,2022,2327,2346,2402,2421,2258,2276,2192,2208,2266,2284,2201,2219,2057,2073,2074,2091,2114,2132,1964,1979,1614,1627,1074,1083,405,407,-81,-81,-164,-165,53,53,198,200,-57,-58,-659,-665,-1335,-1346,-1837,-1851,-1926,-1941,-1630,-1642,-1216,-1226,-908,-916,-749,-755,-660,-667,-679,-683,-798,-805,-980,-988,-1204,-1213,-1435,-1448,-1597,-1610,-1520,-1533,-1005,-1014,-142,-142,642,648,982,990,942,948,725,731,439,442,162,163,-143,-144,-508,-511,-1000,-1007,-1714,-1728,-2762,-2783,-3827,-3857,-4008,-4040,-3014,-3038,-1729,-1742,-1034,-1043,-695,-700,-227,-227,-133,-135,-715,-721,-1310,-1319,-1442,-1453,-966,-974,274,276,1588,1601,2077,2093,2079,2096,2109,2126,2242,2260,2643,2663,3206,3232,3719,3749,3813,3843,3121,3147,1822,1837,304,306,-1024,-1032,-1672,-1686,-1394,-1405,-425,-427,618,624,1229,1238,1314,1324,987,995,339,341,-569,-573,-1545,-1558,-2253,-2271,-2244,-2261,-1501,-1513,-617,-622,-18,-18,327,330,600,604,898,906,1188,1198,1476,1488,1791,1805,2160,2177,2431,2451,2435,2454,2341,2359,2395,2415,2433,2452,2268,2285,2145,2162,2180,2197,2142,2160,1894,1909,1430,1441,719,725,19,19,-322,-324,-230,-231,42,42,37,37,-407,-410,-1094,-1102,-1752,-1765,-2072,-2089,-1942,-1958,-1572,-1584,-1228,-1238,-1040,-1049,-905,-913,-792,-798,-782,-789,-898,-906,-1133,-1142,-1502,-1514,-1874,-1889,-1963,-1978,-1562,-1575,-737,-741,136,138,645,650,681,686,429,433,57,57,-289,-291,-573,-577,-863,-869,-1259,-1267,-1865,-1879,-2770,-2792,-3972,-4003,-4792,-4830,-4368,-4403,-3021,-3044,-1925,-1941,-1447,-1458,-967,-975,-601,-606,-962,-970,-1645,-1659,-1950,-1966,-1736,-1750,-771,-777,};
uint16_t re3[300]={1102,1102,1109,921,929,916,921,1013,1021,997,1004,782,789,545,549,361,365,350,355,490,494,594,598,532,537,302,305,11,11,-143,-145,-91,-91,25,25,134,134,177,178,165,167,269,271,604,608,960,968,1125,1135,1095,1103,930,936,779,785,776,782,850,858,908,917,909,916,821,828,690,696,568,573,372,375,87,87,-247,-249,-557,-561,-823,-830,-1081,-1089,-1429,-1441,-1831,-1847,-2228,-2245,-2531,-2551,-2676,-2698,-2774,-2796,-2907,-2931,-3132,-3158,-3360,-3387,-3511,-3538,-3567,-3595,-3568,-3595,-3607,-3635,-3621,-3648,-3582,-3611,-3509,-3537,-3353,-3380,-3180,-3205,-3068,-3094,-2819,-2841,-2225,-2242,-1647,-1660,-1392,-1404,-1453,-1465,-1826,-1841,-2247,-2264,-2457,-2477,-2503,-2523,-2288,-2306,-1696,-1709,-961,-968,-316,-317,155,156,481,485,676,683,746,751,868,875,1175,1185,1560,1572,1761,1776,1730,1744,1614,1626,1537,1549,1562,1573,1695,1709,1804,1820,1757,1771,1549,1561,1222,1232,1021,1029,1083,1091,1235,1244,1350,1360,1401,1413,1378,1390,1450,1462,1729,1744,1992,2007,2065,2082,1960,1976,1744,1758,1605,1618,1645,1657,1756,1771,1832,1846,1845,1858,1764,1777,1686,1699,1695,1709,1649,1663,1485,1498,1224,1235,915,922,621,625,324,326,-40,-41,-420,-425,-700,-707,-767,-771,-594,-598,-320,-323,-134,-135,-68,-68,-125,-126,-225,-228,-300,-303,-329,-332,-306,-308,-209,-210,-45,-46,69,69,125,126,59,60,-139,-141,-196,-197,210,211,727,733,935,942,850,856,481,486,70,70,-84,-85,-78,-78,126,127,592,597,1080,1088,1427,1439,1610,1623,1614,1626,1457,1469,};
uint16_t red3[283]={971,971,891,898,761,768,546,549,344,347,296,298,437,440,665,671,788,794,711,717,488,491,255,258,261,263,652,655,1285,1296,1928,1942,2445,2465,2770,2791,2858,2881,2812,2834,2721,2742,2616,2636,2561,2580,2576,2595,2668,2688,2718,2739,2575,2595,2273,2292,1940,1955,1572,1585,1136,1145,684,690,225,226,-284,-286,-794,-802,-1250,-1260,-1627,-1641,-1979,-1995,-2371,-2389,-2794,-2816,-3229,-3255,-3637,-3666,-3994,-4026,-4238,-4273,-4248,-4282,-3998,-4028,-3599,-3627,-3214,-3240,-3069,-3093,-3293,-3318,-3854,-3884,-4576,-4612,-4961,-5001,-4550,-4586,-3489,-3516,-2289,-2308,-1458,-1470,-1213,-1222,-1361,-1372,-1659,-1671,-1891,-1906,-2006,-2022,-2062,-2079,-1959,-1976,-1546,-1557,-818,-824,82,83,803,810,998,1005,753,758,491,495,463,466,543,547,539,544,403,406,260,262,298,301,578,583,953,960,1173,1182,1109,1119,818,825,495,500,471,475,901,908,1580,1592,2234,2252,2740,2762,3048,3071,3178,3202,3253,3279,3304,3330,3313,3339,3312,3338,3343,3370,3438,3466,3504,3531,3409,3436,3201,3228,2961,2985,2640,2662,2216,2233,1738,1751,1215,1225,661,667,150,152,-252,-253,-547,-551,-833,-839,-1209,-1219,-1655,-1669,-2108,-2125,-2498,-2518,-2776,-2799,-2874,-2897,-2697,-2718,-2295,-2313,-1816,-1830,-1411,-1421,-1271,-1282,-1467,-1478,-1974,-1991,-2660,-2680,-2981,-3004,-2491,-2511,-1372,-1382,-83,-83,860,867,1204,1213,1020,1028,530,533,78,79,-229,-231,-410,-413,-349,-351,55,57,765,771,1579,1591,2155,2173,2214,2232,1818,1832,1360,1370,};
uint16_t sol3[225]={-1164,-1164,-1174,-1067,-1075,-967,-974,-871,-877,-782,-789,-707,-714,-656,-660,-626,-631,-619,-625,-630,-637,-642,-647,-645,-650,-624,-629,-566,-570,-458,-461,-285,-289,-75,-76,145,146,345,348,521,525,684,690,835,842,939,946,975,984,939,947,809,816,574,579,239,241,-157,-158,-582,-586,-1010,-1018,-1396,-1406,-1698,-1711,-1898,-1914,-2015,-2032,-2072,-2089,-2077,-2093,-2037,-2053,-1920,-1936,-1692,-1705,-1347,-1356,-927,-934,-515,-519,-182,-182,41,40,156,157,193,193,178,180,126,128,13,13,-186,-189,-472,-477,-786,-793,-1072,-1082,-1280,-1290,-1360,-1370,-1327,-1339,-1220,-1230,-1079,-1088,-923,-929,-715,-721,-437,-442,-106,-107,262,264,657,663,1080,1089,1492,1504,1865,1880,2180,2196,2438,2457,2648,2668,2805,2827,2918,2940,2967,2991,2942,2966,2832,2855,2654,2676,2459,2477,2258,2277,2057,2074,1842,1857,1601,1615,1343,1352,1083,1092,841,848,635,641,482,484,405,407,397,400,445,448,525,529,587,591,601,605,563,568,498,502,442,445,401,404,369,371,309,312,204,205,40,40,-161,-163,-366,-369,-550,-555,-697,-701,-817,-824,-929,-935,-1041,-1049,-1152,-1161,-1237,-1247,-1267,-1276,-1234,-1243,-1169,};
uint16_t lad3[189]={121,121,136,138,155,155,161,163,155,157,136,138,102,103,50,50,-14,-15,-93,-93,-186,-187,-290,-292,-401,-403,-510,-514,-609,-613,-696,-701,-772,-777,-833,-838,-881,-888,-922,-930,-964,-972,-1022,-1030,-1104,-1112,-1201,-1209,-1293,-1302,-1351,-1362,-1346,-1357,-1265,-1274,-1124,-1133,-965,-972,-814,-820,-694,-700,-614,-618,-567,-571,-538,-542,-496,-500,-433,-437,-369,-373,-331,-335,-333,-335,-375,-378,-444,-448,-525,-530,-598,-603,-645,-651,-646,-651,-584,-589,-458,-462,-273,-276,-56,-56,165,166,362,365,517,521,626,632,693,699,729,735,745,752,750,756,746,751,741,746,739,744,749,755,782,789,829,836,892,899,967,975,1033,1042,1072,1082,1075,1084,1037,1043,962,969,856,863,739,744,626,631,538,543,485,489,454,457,424,427,383,386,330,333,276,278,242,244,249,251,295,297,366,370,444,448,501,505,518,522,485,489,415,418,323,327,238,241,182,183,160,161,175,177,};
uint16_t *arrayNotesA20[8] = {fad1,la1,do2,mi2,fad2,la2,do3,mi3,};
int taillesA20[8] = {953,801,674,535,476,400,337,267,};
uint16_t *arrayNotesB20[8] = {fad3,la3,do4,lad1,si1,re2,fa2,la2,};
int taillesB20[8] = {238,200,168,754,714,600,505,400,};
uint16_t *arrayNotesA27[8] = {si2,re3,fa3,la3,si3,re4,fa4,dod2,};
int taillesA27[8] = {357,300,252,200,178,150,126,636,};
uint16_t *arrayNotesB27[8] = {red2,sol2,lad2,re3,red3,sol3,lad3,};
int taillesB27[8] = {566,449,378,300,283,225,189,};
uint16_t fad1[953]={-509,-509,-24,-519,-31,-528,-31,-530,-30,-527,-32,-526,-38,-525,-53,-530,-75,-541,-94,-549,-116,-558,-141,-565,-168,-576,-208,-593,-258,-622,-318,-659,-398,-710,-492,-776,-595,-850,-694,-921,-783,-980,-856,-1023,-921,-1055,-986,-1084,-1048,-1111,-1106,-1134,-1151,-1145,-1181,-1142,-1194,-1126,-1191,-1094,-1178,-1053,-1162,-1010,-1140,-968,-1120,-929,-1092,-894,-1049,-847,-989,-784,-915,-708,-838,-627,-774,-556,-730,-507,-695,-468,-661,-433,-613,-388,-555,-329,-493,-265,-442,-204,-411,-157,-407,-131,-429,-127,-459,-129,-481,-126,-478,-105,-447,-61,-390,6,-317,86,-242,170,-173,251,-114,324,-67,381,-24,431,22,480,78,532,149,598,234,675,326,754,413,830,487,892,542,938,585,972,617,996,643,1012,663,1016,673,1009,676,988,670,954,652,907,620,849,575,780,524,706,478,641,447,594,433,566,437,554,447,544,458,529,457,497,435,447,400,383,360,320,332,272,319,245,319,231,323,221,320,201,298,161,254,98,192,23,123,-55,54,-131,-13,-201,-78,-266,-139,-329,-201,-390,-270,-455,-350,-525,-444,-605,-543,-691,-634,-769,-699,-820,-726,-836,-714,-813,-678,-766,-638,-712,-599,-659,-570,-615,-548,-584,-522,-555,-480,-516,-416,-457,-325,-375,-216,-275,-102,-174,5,-81,101,2,178,66,229,101,250,104,251,83,239,54,229,30,232,23,242,29,247,32,247,31,235,18,207,-8,162,-48,108,-95,41,-145,-29,-190,-95,-227,-154,-255,-208,-281,-255,-309,-297,-335,-329,-355,-351,-366,-363,-365,-362,-353,-347,-331,-326,-303,-296,-269,-263,-231,-225,-189,-179,-138,-127,-82,-72,-21,-20,34,18,71,41,89,49,90,42,79,24,62,-3,38,-41,6,-83,-29,-118,-60,-132,-74,-137,-78,-148,-91,-174,-115,-233,-167,-326,-246,-430,-333,-526,-404,-592,-445,-610,-442,-589,-405,-550,-350,-496,-282,-450,-225,-408,-174,-372,-129,-353,-101,-329,-70,-298,-34,-265,7,-215,64,-167,122,-142,157,-152,153,-194,112,-262,41,-339,-41,-408,-115,-446,-158,-455,-174,-464,-194,-489,-235,-537,-302,-596,-387,-646,-462,-659,-505,-626,-500,-553,-453,-442,-366,-305,-256,-165,-144,-9,-19,152,111,303,235,459,361,610,487,754,607,900,731,1023,832,1104,892,1156,921,1172,915,1164,883,1143,841,1109,794,1067,740,1009,674,926,585,820,475,685,337,534,180,383,26,249,-113,143,-223,72,-296,30,-343,11,-366,6,-377,10,-376,19,-366,30,-356,39,-346,57,-330,76,-313,89,-304,101,-299,99,-303,84,-320,56,-346,9,-389,-49,-442,-120,-507,-206,-584,-299,-670,-398,-760,-512,-863,-640,-977,-769,-1094,-894,-1201,-999,-1290,-1080,-1355,-1141,-1396,-1187,-1420,-1219,-1428,-1236,-1417,-1231,-1384,-1201,-1329,-1152,-1253,-1088,-1164,-1017,-1070,-946,-979,-882,-894,-827,-818,-776,-747,-715,-664,-640,-569,-553,-465,-467,-366,-397,-287,-352,-233,-321,-197,-295,-166,-265,-127,-224,-76,-179,-21,-137,35,-101,87,-78,126,-68,156,-61,184,-44,223,-7,285,58,372,146,481,250,603,362,730,472,853,574,973,664,1081,743,1180,818,1273,894,1365,978,1460,1070,1558,1166,1652,1259,1737,1338,1809,1409,1873,1473,1931,1530,1987,1583,2034,1630,2070,1669,2098,1704,2115,1734,2123,1754,2117,1761,2093,1766,2065,1771,2039,1784,2023,1807,2020,1835,2027,1864,2036,1885,2039,1891,2026,1873,1986,1833,1918,1779,1832,1718,1738,1662,1652,1611,1576,1562,1504,1505,1429,1431,1337,1341,1230,1242,1110,1131,984,1016,857,904,733,794,615,685,500,581,389,479,281,376,171,273,64,170,-36,75,-127,-13,-203,-86,-265,-144,-311,-190,-350,-230,-384,-270,-419,-313,-456,-360,-492,-407,-530,-456,-567,-495,-594,-514,-606,-514,-604,-500,-593,-479,-583,-458,-573,-443,-569,-432,-570,-432,-581,-440,-602,-450,-626,-460,-652,-460,-671,-456,-686,-451,-696,-453,-708,-460,-721,-472,-731,-484,-740,-495,-749,-506,-755,-521,-763,-537,-767,-552,-766,-571,-762,-590,-757,-605,-746,-616,-732,-617,-710,-609,-681,-600,-649,-594,-620,-587,-592,-576,-562,-559,-534,-536,-501,-510,-462,-477,-416,-443,-364,-409,-310,-385,-266,-375,-242,-374,-234,-376,-235,-374,-237,-367,-235,-359,-224,-350,-210,-339,-189,-321,-162,-285,-118,-237,-67,-194,-22,-160,10,-153,17,-170,0,-198,-22,-218,-33,-213,-13,-172,49,-107,133,-34,221,44,311,100,379,134,422,149,448,136,442,126,437,128,439,140,448,176,478,218,514,238,526,226,511,188,466,121,392,53,316,11,259,11,240,51,262,99,290,122,296,118,277,93,235,68,192,65,171,100,187,165,235,250,303,338,375,404,429,467,476,527,520,578,552,634,587,681,614,718,632,760,656,786,672,784,657,764,625,723,566,671,492,629,426,595,370,564,320,527,268,474,200,404,118,316,18,214,-96,103,-219,-1,-336,-86,-429,-148,-500,-190,-551,-221,-590,-247,-627,-262,-655,-268,-675,-271,-686,-272,-691,};
uint16_t la1[801]={282,282,412,377,426,376,622,555,874,793,1172,1076,1563,1457,1840,1735,2033,1935,2122,2040,1955,1891,1762,1719,1569,1550,1384,1389,1343,1375,1220,1277,1030,1111,848,952,603,730,321,472,93,271,-169,34,-449,-235,-684,-462,-868,-641,-944,-720,-915,-694,-854,-635,-866,-648,-945,-731,-1093,-882,-1282,-1074,-1465,-1256,-1558,-1347,-1557,-1352,-1528,-1340,-1475,-1313,-1388,-1259,-1330,-1237,-1310,-1248,-1276,-1237,-1248,-1220,-1158,-1140,-998,-995,-769,-787,-457,-507,-117,-201,208,94,449,309,575,415,631,456,619,431,604,404,667,458,740,528,802,586,838,622,807,595,704,496,526,324,353,166,280,115,330,195,505,409,750,693,988,965,1174,1184,1254,1290,1227,1289,1168,1255,1108,1221,1086,1234,1143,1330,1241,1468,1369,1631,1482,1766,1545,1835,1568,1852,1569,1833,1586,1824,1612,1819,1669,1847,1763,1913,1856,1977,1907,1998,1871,1930,1746,1770,1557,1548,1290,1250,971,901,658,559,390,261,188,29,70,-122,37,-192,36,-228,24,-269,-15,-329,-94,-412,-181,-490,-241,-530,-259,-510,-202,-415,-93,-268,33,-97,163,79,273,237,356,372,393,465,368,493,317,499,293,528,314,600,388,717,502,866,614,1005,677,1078,656,1051,520,897,279,631,26,356,-118,189,-129,152,23,275,315,530,638,816,891,1027,1035,1127,1107,1155,1138,1139,1117,1072,1060,970,1009,877,930,755,751,538,541,294,375,98,172,-131,-70,-396,-284,-623,-474,-818,-607,-946,-653,-980,-635,-947,-547,-845,-420,-707,-287,-560,-205,-461,-164,-394,-155,-358,-205,-369,-261,-387,-346,-431,-448,-487,-559,-559,-707,-673,-851,-801,-966,-911,-1067,-1013,-1146,-1095,-1216,-1161,-1301,-1242,-1352,-1292,-1366,-1307,-1362,-1314,-1292,-1258,-1168,-1153,-1044,-1045,-912,-922,-773,-787,-676,-686,-597,-598,-510,-496,-449,-408,-427,-352,-448,-337,-519,-378,-639,-478,-794,-621,-1016,-837,-1325,-1143,-1767,-1582,-2298,-2115,-2697,-2528,-2837,-2686,-2842,-2718,-2577,-2493,-2136,-2087,-1785,-1775,-1403,-1427,-973,-1020,-444,-497,164,117,714,679,1164,1142,1388,1373,1413,1395,1380,1357,1220,1188,1136,1100,1038,990,905,840,942,857,976,868,1098,972,1263,1119,1328,1173,1385,1226,1327,1171,1105,953,950,804,806,670,774,651,849,742,818,734,746,689,634,608,432,442,222,270,38,127,-206,-78,-453,-295,-675,-498,-840,-649,-901,-705,-858,-666,-795,-611,-783,-611,-804,-640,-861,-705,-920,-768,-933,-779,-830,-669,-660,-492,-483,-317,-284,-134,-70,52,84,170,199,249,284,308,323,331,379,382,438,434,521,508,641,610,767,706,875,781,915,791,888,740,825,660,714,536,643,453,627,425,593,376,539,308,443,199,282,29,59,-194,-208,-460,-428,-670,-546,-767,-545,-734,-434,-584,-299,-407,-194,-264,-151,-190,-209,-223,-326,-319,-434,-405,-507,-457,-495,-421,-400,-294,-271,-130,-139,40,-48,161,-7,216,8,235,31,248,81,281,154,333,273,425,418,547,536,643,585,664,521,576,365,388,133,124,-179,-219,-523,-593,-847,-946,-1107,-1238,-1291,-1455,-1389,-1584,-1416,-1647,-1430,-1694,-1454,-1749,-1510,-1834,-1606,-1951,-1705,-2058,-1797,-2146,-1856,-2185,-1875,-2171,-1879,-2141,-1865,-2090,-1839,-2022,-1801,-1939,-1754,-1841,-1722,-1756,-1698,-1670,-1641,-1549,-1521,-1364,-1322,-1099,-1071,-790,-798,-465,-563,-192,-426,-28,-413,-7,-538,-136,-763,-373,-945,-572,-991,-638,-880,-546,-568,-260,-113,158,366,595,758,946,1055,1203,1293,1403,1492,1563,1629,1658,1730,1717,1821,1767,1832,1734,1706,1567,1554,1375,1393,1178,1138,886,837,553,553,243,286,-42,101,-235,2,-331,-19,-342,40,-272,141,-161,261,-29,342,65,427,166,487,246,520,305,552,375,545,410,516,430,450,410,333,334,225,254,145,183,81,118,58,89,50,79,63,95,151,185,266,303,400,434,563,588,702,712,780,770,815,791,821,787,798,762,808,779,861,844,927,930,996,1031,1036,1110,987,1102,843,995,603,778,243,426,-250,-60,-885,-692,-1521,-1323,-1905,-1705,-2086,-1889,-2117,-1930,-1874,-1708,-1649,-1513,-1507,-1403,-1329,-1258,-1101,-1062,-750,-729,-376,-361,-46,-31,203,222,248,270,241,257,183,186,120,107,181,155,158,115,262,194,};
uint16_t do2[674]={0,0,0,1,0,0,0,0,0,1,-1,-1,0,0,0,0,0,-1,-1,0,1,0,0,0,-1,0,1,0,0,0,0,1,0,1,0,0,1,-1,0,-1,0,0,0,0,0,0,0,0,0,0,1,0,0,0,0,0,0,0,-1,0,0,0,-1,0,0,0,0,1,0,-1,0,0,1,0,0,0,0,0,0,0,0,0,0,-1,0,0,0,0,-1,0,1,0,1,0,0,0,0,-1,0,0,0,-1,0,0,0,0,-1,0,0,0,0,0,0,1,0,0,0,0,0,0,0,0,1,-1,0,0,0,-1,1,0,0,0,0,-1,1,0,0,1,0,0,1,0,0,0,0,0,0,0,0,0,1,0,0,0,0,-1,0,0,0,1,0,0,0,-1,0,0,0,0,0,0,1,0,-1,0,0,0,0,-1,0,0,0,0,-1,1,-1,1,0,1,0,0,-1,0,0,0,1,0,0,-1,1,0,0,0,0,0,1,0,0,0,0,0,-1,1,0,0,0,1,0,1,0,0,0,0,0,0,0,0,0,0,0,0,0,0,0,1,0,1,0,0,0,-1,-1,1,0,1,0,0,0,0,0,1,0,0,0,-1,0,1,0,1,0,-1,-1,0,-1,0,1,0,0,0,0,-1,0,0,-1,1,0,0,0,0,-1,0,1,0,0,-1,-1,0,0,0,1,0,-1,0,0,0,0,0,-1,1,0,0,-1,0,0,0,0,0,0,0,0,0,0,0,0,1,0,-1,0,0,0,0,-1,1,1,0,0,0,1,0,0,0,0,0,-1,0,0,-1,0,-1,0,-1,0,0,1,0,1,0,0,-1,0,1,0,0,0,0,0,0,0,0,0,0,0,0,0,-1,1,0,0,0,0,0,-1,0,0,0,0,0,0,0,-1,0,0,-1,0,0,0,0,0,0,0,0,0,0,0,0,1,-1,0,0,0,0,0,-1,0,0,0,1,0,0,0,-1,1,0,0,0,0,-1,0,0,0,0,0,0,0,1,-1,0,0,0,1,0,-1,0,0,-1,0,0,0,0,-1,-1,-1,0,0,0,0,-1,0,0,0,1,0,1,0,0,0,0,0,0,0,-1,-1,0,0,0,0,0,0,1,0,-1,0,0,1,0,-1,0,0,0,1,1,0,0,0,-1,0,0,-1,0,0,0,0,1,-1,0,0,0,0,0,-1,0,0,1,0,1,0,0,0,1,0,0,0,0,0,0,1,0,0,0,0,0,0,0,0,0,0,0,0,0,0,0,0,0,0,0,-1,0,0,0,0,0,0,1,0,0,0,0,0,0,0,0,0,0,0,-1,0,0,0,0,0,-1,0,0,0,0,0,0,0,0,0,0,0,1,0,0,0,0,0,-1,-1,0,0,0,0,0,0,0,0,0,0,0,0,-1,0,0,0,1,0,0,-1,1,0,0,1,0,0,0,0,-1,0,-1,1,0,0,0,0,1,-1,1,0,-1,1,1,0,1,1,-1,0,-1,0,1,0,0,-1,0,0,0,-1,0,0,1,1,0,0,0,0,0,0,0,0,0,1,0,0,0,0,0,1,0,0,0,0,0,1,0,0,0,0,0,0,0,0,-1,0,0,0,};
uint16_t mi2[535]={0,0,1,0,-1,0,1,0,0,0,0,0,0,0,1,0,-1,1,0,0,0,0,0,0,0,0,0,-1,1,0,0,0,0,0,0,0,0,1,0,0,0,0,0,-1,0,0,0,0,0,0,0,0,0,0,-1,1,0,0,-1,0,0,0,0,0,0,0,0,0,0,0,0,1,1,0,0,-1,-1,-1,1,0,0,0,-1,0,0,-1,0,1,0,-1,0,0,-1,0,0,1,0,0,0,0,-1,0,0,1,-1,1,0,0,1,0,-1,0,-1,0,-1,1,0,0,0,0,0,0,0,0,0,0,0,0,0,0,-1,0,1,0,0,0,0,0,0,1,0,1,0,0,-1,0,0,1,1,0,0,0,1,-1,0,0,0,-1,0,0,0,0,0,-1,0,0,0,0,0,0,-1,0,-1,-1,-1,0,0,1,-1,0,0,1,0,0,-1,0,0,0,0,0,0,1,0,-1,0,0,0,0,0,0,0,-1,0,1,0,-1,0,0,0,0,0,0,0,1,0,0,0,1,0,0,0,0,0,0,-1,0,0,0,1,1,1,0,0,0,1,0,0,0,0,0,0,0,0,0,0,0,0,0,1,1,1,0,0,0,0,0,0,-1,0,0,0,0,0,1,-1,0,0,-1,0,0,0,-1,0,0,0,0,0,0,0,0,0,0,0,0,0,0,0,-1,1,0,0,0,0,1,0,1,0,1,0,-1,0,-1,0,0,0,0,0,0,0,0,0,0,0,0,0,0,0,0,0,0,0,0,0,0,0,0,0,0,0,0,-1,0,0,0,0,0,0,1,0,-1,0,0,0,0,-1,0,1,1,1,0,0,0,0,0,1,0,0,0,0,1,0,0,0,0,0,1,-1,0,0,0,-1,-1,0,-1,0,0,0,0,1,0,-1,0,1,0,0,0,0,0,0,0,-1,0,0,0,0,-1,0,0,1,0,0,0,0,0,0,-1,1,0,0,-1,0,0,-1,0,0,-1,0,0,0,0,1,0,0,0,1,0,1,0,0,-1,-1,-1,-1,0,-1,0,1,-1,0,0,0,0,0,0,-1,0,0,1,-1,0,-1,0,0,0,-1,1,0,0,0,1,0,0,1,0,0,1,0,0,0,-1,-1,1,0,1,-1,0,0,1,0,0,0,0,0,-1,0,0,0,0,0,0,0,0,0,0,0,0,0,0,0,1,0,-1,0,0,0,0,1,0,0,0,0,-1,0,0,0,0,0,0,0,0,0,-1,1,-1,0,0,0,0,0,0,0,0,0,0,1,0,};
uint16_t fad2[476]={-3832,-3832,-3811,-3821,-3653,-3664,-3648,-3660,-3813,-3829,-3865,-3885,-3853,-3881,-3852,-3881,-3900,-3929,-3784,-3818,-3521,-3551,-3374,-3398,-3278,-3302,-3198,-3228,-3148,-3184,-3055,-3093,-2916,-2962,-2753,-2802,-2545,-2590,-2311,-2350,-2125,-2158,-1942,-1970,-1762,-1786,-1544,-1565,-1246,-1265,-1011,-1028,-827,-840,-596,-604,-406,-412,-376,-385,-381,-394,-305,-327,-161,-195,16,-30,218,161,465,398,716,643,940,862,1139,1055,1247,1155,1445,1348,1723,1626,1839,1737,1963,1856,2212,2105,2419,2319,2521,2434,2614,2535,2763,2699,2897,2849,2992,2950,3160,3118,3399,3359,3551,3512,3553,3511,3496,3459,3398,3369,3232,3213,3075,3066,2961,2951,2845,2836,2744,2735,2707,2698,2754,2746,2786,2782,2758,2763,2707,2720,2701,2720,2768,2800,2863,2903,2948,2992,2997,3051,2959,3019,2826,2886,2640,2699,2416,2472,2185,2231,1981,2021,1804,1843,1619,1657,1417,1455,1211,1246,951,981,635,654,333,340,74,69,-147,-156,-277,-280,-295,-291,-231,-218,-118,-91,-13,19,33,64,47,80,54,90,47,86,32,79,33,91,79,149,116,196,58,142,-51,31,-177,-96,-347,-269,-558,-485,-804,-732,-1116,-1042,-1530,-1457,-1852,-1779,-1905,-1835,-2007,-1944,-2345,-2288,-2419,-2365,-2173,-2124,-2284,-2242,-2611,-2570,-2641,-2598,-2737,-2697,-3012,-2973,-3130,-3085,-3003,-2957,-2734,-2689,-2651,-2603,-2665,-2616,-2544,-2491,-2314,-2267,-2152,-2107,-2233,-2186,-2211,-2165,-2096,-2054,-2249,-2210,-2521,-2484,-2785,-2756,-3016,-3000,-3088,-3080,-3069,-3067,-2919,-2927,-2543,-2554,-2040,-2046,-1714,-1716,-1505,-1504,-1344,-1339,-1321,-1313,-1252,-1245,-1176,-1171,-1128,-1121,-952,-942,-646,-634,-427,-418,-303,-298,-60,-60,188,177,231,207,192,154,181,133,183,122,153,84,55,-21,-63,-146,-13,-101,57,-35,-57,-154,-54,-156,95,-13,118,5,47,-60,-40,-142,-55,-150,68,-17,234,153,401,319,651,568,926,838,1185,1090,1410,1312,1534,1442,1530,1442,1506,1423,1562,1481,1669,1587,1779,1691,1898,1808,2093,1999,2258,2164,2283,2195,2231,2153,2249,2178,2286,2224,2296,2248,2391,2351,2591,2559,2787,2773,2953,2950,3109,3117,3223,3242,3315,3339,3416,3444,3481,3517,3536,3581,3609,3664,3637,3702,3562,3635,3428,3501,3295,3367,3118,3185,2872,2936,2677,2748,2542,2623,2387,2479,2248,2354,2162,2278,2031,2148,1872,1988,1691,1803,1409,1517,1082,1185,771,878,460,568,75,187,-331,-223,-705,-610,-1084,-1000,-1422,-1350,-1696,-1635,-1962,-1911,-2275,-2229,-2652,-2610,-2912,-2873,-2905,-2863,-2948,-2910,-3227,-3197,-3227,-3197,-2918,-2888,-3029,-3009,-3371,-3357,-3366,-3350,-3385,-3372,-3619,-3614,-3756,};
uint16_t do3[337]={1697,1697,1560,2647,2540,3335,3260,3527,3472,3165,3116,2410,2359,1630,1582,1146,1112,1218,1200,1887,1882,2779,2788,3331,3355,3314,3361,2920,2991,2433,2523,2077,2173,1973,2071,1920,2020,1625,1728,965,1075,54,163,-868,-765,-1554,-1461,-1825,-1738,-1970,-1892,-2309,-2241,-2732,-2672,-2961,-2901,-2974,-2899,-2910,-2819,-2841,-2735,-2737,-2620,-2367,-2246,-1712,-1589,-1096,-961,-792,-637,-897,-730,-1244,-1081,-1516,-1364,-1648,-1494,-1704,-1536,-1774,-1596,-1965,-1799,-1887,-1747,-1196,-1082,-518,-422,-520,-430,-700,-615,-522,-448,1,65,688,744,1098,1148,1145,1196,1463,1512,2347,2384,3430,3449,4129,4127,3909,3892,2893,2863,1745,1698,917,848,453,359,317,201,317,188,237,102,202,58,349,187,538,362,511,330,102,-84,-663,-859,-1309,-1522,-1471,-1693,-1284,-1496,-848,-1043,-337,-509,-69,-225,-167,-315,-494,-638,-789,-919,-867,-988,-734,-852,-408,-531,118,-11,675,544,934,818,710,609,12,-92,-1020,-1141,-2111,-2254,-2974,-3130,-3264,-3408,-2726,-2849,-1585,-1684,-403,-477,315,270,532,525,556,587,626,690,993,1077,1677,1774,2327,2436,2661,2782,2593,2724,2358,2496,2227,2362,2351,2485,2577,2713,2649,2788,2595,2736,2535,2676,2561,2709,2727,2889,2977,3158,3089,3286,3001,3207,2904,3106,2807,2996,2643,2831,2331,2526,1798,1991,1323,1504,1186,1353,1266,1433,1306,1492,1005,1203,383,566,198,352,670,790,788,883,192,274,-359,-281,-596,-525,-744,-686,-1088,-1048,-1932,-1912,-2900,-2895,-3233,-3239,-2978,-2997,-2555,-2589,-2357,-2400,-2783,-2824,-3620,-3655,-4240,-4273,-4442,-4486,-4410,-4468,-4251,-4326,-4125,-4211,-3968,-4060,-3569,-3670,-2898,-3017,-2260,-2398,-1960,-2108,-1948,-2101,-2139,-2307,-2283,-2474,-2120,-2328,-1609,-1818,-783,-979,125,-56,781,609,1036,865,1003,832,808,644,509,353,363,204,607,443,1274,1103,2205,};
uint16_t mi3[267]={-486,-486,-673,-676,-854,-858,-1032,-1038,-1363,-1371,-1760,-1771,-1925,-1938,-1600,-1611,-834,-838,-92,-91,88,91,-31,-28,-6,-6,-324,-326,-922,-930,-1041,-1050,-735,-742,-399,-405,-3,-7,330,328,487,483,824,821,1332,1333,1552,1555,1525,1527,1474,1476,1271,1269,830,826,381,372,149,140,105,94,152,143,183,173,65,56,-173,-181,-315,-323,-318,-323,-122,-123,373,379,942,953,1269,1285,1423,1441,1597,1617,1909,1931,2362,2388,2687,2716,2758,2788,2747,2776,2747,2776,2773,2802,2812,2841,2761,2789,2538,2563,2101,2122,1470,1485,862,871,548,553,510,511,545,545,629,629,867,868,1217,1221,1475,1481,1508,1514,1328,1332,1103,1106,1006,1006,915,915,683,683,380,376,-30,-35,-651,-661,-1286,-1300,-1496,-1511,-1055,-1066,-205,-208,377,378,302,305,151,153,12,13,-696,-699,-1524,-1535,-1887,-1902,-2071,-2086,-2311,-2330,-2455,-2475,-2504,-2523,-2369,-2389,-1985,-2002,-1756,-1771,-1910,-1928,-2187,-2206,-2510,-2533,-3003,-3030,-3649,-3682,-4164,-4200,-4474,-4514,-4913,-4956,-5510,-5558,-5677,-5725,-4937,-4979,-3732,-3764,-2704,-2726,-2280,-2298,-2233,-2250,-2108,-2123,-1952,-1964,-1588,-1596,-677,-677,346,352,1050,1061,1475,1487,1746,1760,2114,2132,2495,2516,2735,2758,3059,3085,3316,3344,3159,3185,2870,2894,2760,2784,2782,2809,2740,2766,2394,2419,1728,1746,954,968,412,421,290,300,420,433,469,481,255,267,-95,-85,-316,-308,-434,-427,};
uint16_t fad3[238]={-666,-666,-280,-286,392,393,1096,1102,1630,1640,1927,1940,1958,1971,1798,1809,1711,1722,2000,2013,2445,2462,2550,2568,2025,2039,855,860,-379,-384,-1046,-1056,-1175,-1186,-1091,-1101,-1121,-1130,-1540,-1553,-2166,-2184,-2645,-2665,-2927,-2951,-3098,-3123,-3186,-3211,-3098,-3123,-2520,-2539,-1157,-1164,606,613,1587,1602,1405,1419,1080,1091,822,832,386,392,597,606,1563,1580,2460,2484,2790,2816,2288,2310,1336,1349,1104,1118,1872,1890,2871,2898,3703,3736,3898,3933,3161,3190,2224,2245,1921,1940,2543,2566,3741,3774,4564,4603,4635,4673,4424,4461,4103,4137,3640,3669,3291,3317,3121,3146,2950,2973,2545,2564,1923,1938,1362,1371,1043,1049,904,909,708,712,421,422,168,167,-95,-100,-352,-358,-381,-388,-136,-141,-16,-20,-286,-293,-829,-840,-1305,-1319,-1248,-1262,-582,-591,211,209,708,710,765,768,407,405,-137,-141,-669,-678,-1206,-1219,-1804,-1820,-2391,-2412,-2648,-2670,-2177,-2195,-1040,-1049,-111,-112,-490,-493,-1791,-1805,-3097,-3120,-4821,-4858,-6270,-6317,-5692,-5736,-3933,-3963,-2398,-2414,-1866,-1877,-3178,-3201,-5163,-5200,-5966,-6009,-5249,-5287,-3262,-3284,-1098,-1102,-254,-252,-658,-657,-1623,-1631,-2394,-2409,-2089,-2102,-924,-927,230,236,926,936,981,991,444,451,-90,-89,-206,-205,-203,-202,-428,-430,-685,-689,-656,};
uint16_t do4[168]={3526,3526,3553,4151,4184,4673,4709,4867,4906,4779,4818,4556,4593,4185,4218,3654,3684,3082,3106,2491,2512,1986,2002,1692,1705,1427,1438,1137,1147,1057,1065,1000,1007,567,572,-102,-103,-673,-679,-1108,-1118,-1408,-1420,-1737,-1750,-2277,-2295,-2750,-2773,-2923,-2945,-2825,-2848,-2628,-2649,-2326,-2344,-1719,-1733,-823,-831,129,130,986,995,1715,1728,2308,2327,2781,2803,3060,3083,3100,3125,3029,3052,2983,3007,3119,3144,3489,3516,3761,3790,3703,3732,3423,3449,3003,3026,2458,2477,1845,1860,1309,1318,949,958,571,576,-75,-77,-931,-939,-1663,-1676,-2069,-2085,-2396,-2415,-2820,-2842,-3115,-3140,-3272,-3298,-3545,-3574,-3923,-3955,-4250,-4284,-4490,-4526,-4592,-4629,-4763,-4800,-5309,-5350,-6023,-6071,-6339,-6390,-6162,-6211,-5689,-5734,-4904,-4944,-3906,-3937,-2823,-2846,-1945,-1959,-1430,-1442,-1041,-1050,-561,-564,152,154,923,929,1369,1380,1640,1653,1949,1965,2254,2273,2581,2602,2948,2971,};
uint16_t lad1[754]={-858,-858,-857,-1056,-1064,-1193,-1212,-1226,-1256,-1237,-1278,-1231,-1282,-1180,-1240,-1066,-1130,-880,-944,-719,-780,-622,-676,-553,-599,-502,-534,-440,-453,-287,-283,-10,11,325,358,701,747,1070,1126,1380,1437,1643,1697,1833,1875,1936,1960,2050,2053,2208,2191,2360,2327,2466,2416,2494,2429,2419,2339,2241,2144,2003,1887,1782,1649,1598,1451,1428,1274,1278,1119,1170,1010,1105,944,1048,890,984,832,933,791,927,798,977,865,1113,1013,1355,1269,1683,1616,2040,1994,2351,2322,2568,2556,2704,2704,2784,2792,2823,2834,2826,2844,2792,2818,2720,2754,2592,2632,2405,2450,2194,2238,1994,2044,1802,1855,1606,1657,1425,1468,1292,1323,1231,1249,1233,1242,1291,1295,1369,1373,1448,1451,1537,1534,1620,1609,1704,1684,1797,1764,1863,1824,1875,1835,1808,1773,1668,1643,1493,1481,1296,1296,1090,1096,882,889,672,673,460,450,254,234,34,3,-211,-252,-437,-485,-601,-655,-683,-748,-670,-749,-581,-679,-455,-566,-314,-434,-197,-322,-130,-253,-110,-228,-111,-222,-119,-218,-126,-207,-129,-189,-118,-154,-88,-102,-52,-48,-20,-3,-11,14,-44,-17,-124,-102,-225,-208,-328,-316,-440,-431,-560,-549,-699,-687,-856,-840,-1014,-996,-1172,-1157,-1341,-1329,-1529,-1508,-1729,-1697,-1930,-1880,-2139,-2059,-2340,-2228,-2502,-2364,-2610,-2452,-2665,-2498,-2700,-2535,-2737,-2576,-2765,-2613,-2796,-2658,-2848,-2729,-2918,-2822,-3028,-2962,-3189,-3150,-3382,-3370,-3613,-3630,-3883,-3929,-4139,-4213,-4285,-4376,-4261,-4362,-4023,-4127,-3560,-3662,-2993,-3092,-2478,-2573,-2024,-2113,-1667,-1744,-1408,-1468,-1149,-1188,-940,-963,-847,-856,-915,-918,-1184,-1188,-1664,-1678,-2017,-2043,-2119,-2162,-2006,-2064,-1601,-1677,-1139,-1225,-771,-871,-501,-615,-164,-288,285,147,717,570,1164,1012,1548,1397,1798,1663,2088,1984,2268,2204,2405,2388,2648,2677,2670,2735,2608,2705,2654,2777,2676,2815,2709,2861,2768,2922,2817,2962,2853,2982,2732,2849,2477,2581,2288,2383,2149,2235,2008,2090,1891,1965,1822,1891,1741,1806,1671,1731,1628,1681,1545,1589,1461,1497,1330,1360,1149,1170,1021,1031,936,933,840,827,806,782,787,753,689,640,531,466,346,268,177,89,40,-52,-102,-191,-193,-276,-190,-261,-122,-177,7,-27,258,247,579,589,928,956,1336,1381,1726,1787,2070,2140,2370,2445,2578,2655,2723,2791,2841,2895,2892,2924,2852,2858,2709,2689,2478,2431,2179,2111,1856,1770,1573,1471,1372,1255,1237,1108,1161,1022,1133,992,1146,1006,1170,1036,1162,1038,1115,999,1058,951,1007,909,982,893,1020,944,1121,1061,1251,1208,1362,1343,1398,1398,1328,1347,1195,1229,1036,1074,872,907,710,740,550,577,382,404,184,203,-53,-35,-295,-277,-514,-490,-709,-678,-864,-835,-965,-945,-998,-988,-938,-941,-802,-812,-627,-632,-424,-421,-205,-195,-11,3,140,156,269,284,378,386,463,467,516,521,518,526,494,510,455,479,392,425,325,362,268,297,215,230,164,160,106,85,6,-29,-118,-164,-222,-278,-297,-360,-320,-395,-303,-395,-284,-395,-250,-376,-205,-346,-180,-328,-170,-324,-160,-313,-136,-286,-90,-229,-1,-125,142,37,318,240,480,436,607,596,702,721,752,798,752,818,727,805,700,789,666,766,618,734,531,666,397,551,227,396,24,202,-189,-10,-390,-216,-583,-407,-758,-576,-910,-715,-1041,-822,-1130,-888,-1177,-916,-1204,-932,-1230,-956,-1291,-1027,-1368,-1119,-1435,-1206,-1504,-1302,-1593,-1421,-1703,-1564,-1835,-1736,-2008,-1949,-2228,-2208,-2476,-2494,-2707,-2761,-2844,-2924,-2840,-2937,-2670,-2774,-2305,-2411,-1860,-1961,-1494,-1588,-1226,-1310,-1076,-1147,-1030,-1084,-996,-1027,-1010,-1015,-1120,-1095,-1356,-1305,-1756,-1683,-2373,-2287,-2943,-2852,-3265,-3173,-3424,-3337,-3293,-3216,-2932,-2868,-2603,-2551,-2385,-2347,-2170,-2145,-1885,-1866,-1599,-1587,-1310,-1304,-989,-991,-775,-785,-570,-579,-388,-387,-351,-335,-248,-206,-256,-188,-441,-351,-565,-456,-710,-586,-888,-754,-1075,-935,-1331,-1188,-1606,-1473,-1946,-1829,-2409,-2309,-2762,-2681,-2900,-2833,-2865,-2805,-2639,-2583,-2244,-2195,-1795,-1752,-1400,-1370,-1054,-1037,-826,-823,-714,-723,-701,-719,-807,-834,-936,-970,};
uint16_t si1[714]={-1,-1,0,-1,0,1,1,0,0,-1,0,0,1,0,0,0,0,-1,0,0,0,0,-1,0,-1,0,0,0,-1,0,0,-1,-1,1,0,0,-1,-1,0,0,0,0,0,0,-1,0,0,0,0,0,0,-1,0,0,0,1,0,0,0,0,0,0,0,0,0,1,1,0,0,0,0,0,0,1,1,0,-1,0,0,0,0,0,0,1,1,0,0,0,-1,0,1,1,0,0,0,0,0,0,0,0,0,0,0,0,0,0,1,0,0,-1,0,0,0,0,-1,0,0,0,0,-1,0,0,1,0,1,0,0,0,0,0,1,0,0,1,0,0,0,-1,0,1,0,0,0,0,0,0,1,0,0,-1,0,0,0,0,0,-1,0,-1,-1,1,0,0,0,0,0,0,0,0,1,0,-1,0,1,1,0,0,0,0,0,-1,0,1,0,-1,0,0,1,0,0,0,0,0,0,0,0,0,0,0,0,1,-1,0,1,0,0,0,0,0,0,-1,0,0,0,0,0,0,0,-1,0,0,0,0,0,0,1,0,0,0,0,0,1,0,1,-1,0,0,1,0,0,0,0,0,0,0,0,0,0,-1,1,0,0,-1,0,1,-1,0,0,0,0,-1,0,0,-1,-1,-1,0,1,1,0,0,0,-1,0,0,0,0,0,-1,0,1,0,0,0,0,0,1,0,0,0,0,-1,-1,0,0,0,1,0,0,-1,0,-1,0,-1,0,0,0,0,0,0,0,0,0,0,0,-1,0,0,0,0,0,0,0,0,1,0,0,0,0,0,0,0,1,1,0,-1,0,0,-1,0,0,1,-1,0,0,-1,-1,1,0,0,0,-1,0,1,0,1,0,0,0,0,0,0,1,-1,0,0,-1,0,0,0,0,0,0,0,1,0,0,1,0,0,0,-1,0,0,0,0,0,0,-1,0,0,0,0,-1,0,0,1,0,0,0,0,0,0,0,0,0,0,0,0,0,0,0,0,0,1,0,0,0,1,0,0,1,1,1,0,0,0,0,1,0,-1,0,-1,1,0,0,-1,0,-1,1,0,0,0,0,1,0,1,-1,0,0,-1,0,1,0,1,0,0,0,0,1,0,0,0,0,0,1,0,0,0,0,0,0,0,0,0,-1,0,0,0,0,0,0,0,-1,0,1,1,0,0,1,1,0,0,1,-1,0,-1,0,0,0,0,0,0,0,0,0,0,0,0,0,0,0,0,0,1,-1,0,-1,-1,1,0,0,0,0,0,-1,1,0,0,-1,0,0,0,0,0,1,0,-1,0,0,0,0,-1,1,0,0,0,0,0,0,0,0,0,0,0,0,0,0,0,0,0,-1,0,0,0,0,0,0,1,1,0,0,0,0,-1,0,0,0,0,0,0,0,0,0,0,0,-1,0,0,0,0,-1,0,0,0,0,1,0,0,0,0,0,0,0,0,0,-1,0,0,1,0,0,0,0,0,0,0,0,0,0,0,0,0,0,0,0,0,0,0,0,0,0,0,0,0,0,0,1,0,0,0,0,0,0,0,0,0,0,0,-1,-1,0,-1,-1,-1,1,0,0,0,0,0,0,1,0,0,1,0,0,1,0,0,1,0,1,0,0,0,1,0,0,0,-1,0,0,0,0,0,0,0,0,0,0,0,0,1,0,0,0,0,0,0,-1,0,0,1,0,0,0,-1,0,0,0,0,0,-1,0,};
uint16_t re2[600]={0,0,-1,0,-1,0,0,0,0,0,0,0,-1,1,0,0,0,0,0,0,0,0,0,0,0,0,0,0,0,0,0,1,-1,1,0,0,-1,0,0,0,1,0,0,0,0,0,0,0,1,1,-1,1,0,-1,0,0,0,0,0,0,0,0,0,0,0,0,-1,0,0,0,0,0,-1,0,0,0,0,0,0,0,0,0,1,0,-1,0,0,0,0,0,0,0,0,0,-1,0,0,0,0,0,0,0,0,-1,0,0,1,0,0,-1,0,0,-1,0,0,0,0,0,0,0,0,1,0,0,0,0,0,0,0,0,0,0,0,0,0,0,0,0,0,1,0,0,0,-1,0,0,-1,1,0,1,-1,0,0,0,-1,0,-1,0,0,0,0,0,0,1,0,0,0,0,0,0,0,0,0,1,0,0,0,-1,0,0,0,0,0,0,1,0,-1,0,0,1,-1,0,0,-1,0,0,0,1,0,0,0,0,0,0,0,-1,0,0,0,-1,0,0,1,0,0,0,0,0,1,0,0,-1,0,0,0,0,-1,0,1,1,0,0,0,-1,0,0,0,0,-1,0,1,-1,0,-1,0,0,-1,0,0,0,-1,0,1,-1,0,-1,0,0,0,0,0,1,-1,1,-1,0,0,0,-1,0,0,0,-1,0,0,0,0,0,0,0,0,0,0,0,0,0,0,0,0,1,0,0,0,1,0,0,0,-1,0,0,0,0,-1,0,0,1,0,0,0,-1,0,-1,0,-1,0,1,1,0,0,-1,0,0,1,0,1,0,1,-1,0,1,0,0,0,0,0,0,0,0,0,0,0,1,0,-1,-1,0,-1,0,0,0,0,1,1,0,1,0,0,0,0,-1,-1,0,0,0,0,1,0,0,1,0,0,0,1,0,0,0,0,-1,-1,0,-1,0,0,0,1,1,1,0,0,0,0,1,0,0,0,1,0,0,0,0,0,1,0,0,0,1,0,0,0,0,0,0,1,0,0,1,0,0,0,0,1,1,0,0,0,0,0,0,0,1,1,-1,0,0,0,0,0,0,0,0,0,0,0,1,0,0,-1,1,0,0,0,1,0,0,0,0,1,0,-1,0,0,0,0,1,0,0,-1,0,-1,0,0,0,0,0,1,0,-1,1,1,1,1,0,0,0,0,-1,-1,-1,0,0,0,0,-1,0,0,0,0,-1,-1,0,-1,0,0,-1,0,0,-1,0,1,1,0,0,0,0,0,0,0,0,0,0,0,1,0,0,0,0,0,0,0,0,0,0,1,0,0,0,0,0,0,1,0,1,0,0,0,0,0,0,-1,0,1,0,-1,1,0,-1,0,-1,0,0,0,0,0,0,0,0,0,0,0,0,0,0,0,1,-1,0,1,0,0,0,-1,0,0,0,1,1,1,0,0,-1,0,0,0,1,0,0,0,0,1,0,0,};
uint16_t fa2[505]={0,0,0,0,0,0,-1,0,0,0,0,0,0,0,0,1,1,0,0,1,1,0,0,0,0,0,0,0,0,-1,0,0,0,0,0,0,1,0,0,1,0,1,0,0,1,0,0,0,0,0,0,0,0,0,0,0,-1,0,1,0,0,-1,0,0,0,0,0,0,0,1,0,-1,-1,0,-1,1,0,0,0,-1,0,0,1,0,0,0,0,0,0,-1,0,0,0,-1,-1,1,0,0,0,0,0,0,1,-1,0,-1,1,0,0,0,-1,1,1,0,-1,-1,0,0,-1,0,1,0,-1,0,0,0,-1,0,0,0,-1,-1,0,-1,1,1,0,0,-1,1,0,0,1,-1,0,-1,0,1,0,1,1,-1,0,-1,0,0,0,0,0,1,0,1,-1,-1,0,0,0,0,-1,0,0,0,0,0,0,0,0,0,0,0,0,0,1,0,0,0,1,0,1,0,0,0,0,0,0,0,0,0,0,0,0,1,1,0,0,0,0,0,0,0,0,0,0,0,0,0,0,0,0,0,-1,0,-1,0,-1,1,0,-1,-1,0,0,0,0,-1,0,-1,-1,1,0,-1,0,-1,0,0,0,0,0,1,-1,0,0,0,-1,0,1,0,0,0,0,1,1,0,0,-1,0,0,0,0,0,0,0,-1,0,0,-1,0,0,-1,0,0,1,0,1,0,0,0,0,0,0,0,0,0,0,0,1,0,0,0,0,0,0,0,0,0,0,1,0,1,0,0,0,1,-1,0,0,0,0,0,0,0,0,1,1,0,0,0,0,0,0,1,0,0,0,0,-1,0,0,0,0,0,1,0,0,0,0,0,-1,0,0,-1,0,0,0,0,0,0,0,0,0,0,0,0,0,0,1,1,0,0,0,1,0,0,0,1,0,0,0,0,0,0,0,0,0,0,0,0,-1,0,-1,0,0,-1,0,0,0,1,1,-1,0,1,0,0,0,0,0,-1,-1,0,-1,-1,1,0,0,0,0,0,0,0,0,0,0,0,0,0,0,-1,0,0,-1,0,0,-1,0,0,0,0,0,0,0,0,0,-1,0,1,1,-1,0,0,-1,0,0,0,1,-1,0,0,0,0,-1,0,0,0,0,0,0,0,-1,0,0,0,-1,0,0,0,0,0,0,0,0,0,1,0,0,0,1,0,0,0,0,-1,-1,1,1,0,0,0,0,-1,0,0,0,0,-1,0,0,0,};
uint16_t la2[400]={1179,1179,1145,1223,1190,1290,1257,1336,1300,1212,1169,987,931,704,634,303,230,37,-29,-25,-79,34,-6,283,264,647,650,907,923,1089,1108,1313,1335,1658,1689,1919,1961,2032,2079,2014,2066,1880,1937,1599,1661,1348,1408,1430,1483,1652,1701,1775,1823,1694,1738,1445,1481,1056,1086,745,769,482,493,237,225,248,211,501,449,588,526,333,262,-31,-111,-302,-384,-563,-644,-741,-821,-638,-713,-520,-587,-632,-688,-1050,-1096,-1503,-1542,-1679,-1712,-1421,-1444,-816,-825,-141,-135,272,295,463,506,597,662,606,688,596,688,860,959,1215,1320,1512,1614,1753,1845,1962,2036,2106,2165,1935,1987,1524,1576,874,924,231,277,-175,-134,-390,-361,-355,-347,-338,-354,-416,-451,-783,-837,-1519,-1599,-2245,-2346,-2986,-3097,-3716,-3824,-4127,-4227,-3772,-3860,-3190,-3262,-2506,-2556,-1824,-1854,-1288,-1306,-806,-809,-889,-879,-1124,-1101,-1105,-1070,-797,-748,-375,-310,-195,-115,-184,-94,-71,24,297,396,619,720,916,1012,1468,1553,1916,1991,1706,1769,1055,1105,298,329,-396,-395,-942,-969,-1237,-1284,-1314,-1371,-1373,-1434,-1284,-1345,-1300,-1365,-1559,-1631,-1918,-2004,-2205,-2308,-2361,-2467,-2337,-2438,-2104,-2186,-1620,-1683,-1072,-1113,-697,-717,-403,-405,-52,-49,397,400,858,870,1184,1213,1343,1385,1335,1386,1232,1295,1050,1117,1136,1203,1397,1458,1623,1679,1664,1719,1503,1558,1339,1389,1136,1183,863,909,627,663,577,591,678,663,796,756,677,621,400,332,132,56,-64,-142,-198,-273,-222,-297,-189,-266,-223,-295,-527,-593,-1009,-1062,-1320,-1362,-1177,-1210,-704,-729,-206,-222,83,74,74,78,-156,-134,-340,-296,-513,-445,-396,-313,-145,-56,133,222,298,382,360,431,392,442,318,349,79,104,-366,-340,-814,-790,-1113,-1094,-1237,-1223,-1120,-1119,-964,-985,-970,-1019,-1185,-1258,-1674,-1767,-2230,-2347,-2807,-2952,-3371,-3531,-3996,-4156,-4101,-4245,-3616,-3743,-2918,-3026,-2042,-2123,-1288,-1344,-624,-664,-105,-132,-170,-184,-282,-279,-95,-71,377,420,808,872,1048,1133,1209,1309,1562,1673,2024,2144,2354,2480,2632,2756,3002,3120,3198,3303,2808,2896,2159,2234,1544,1606,1201,1240,1007,1021,1034,1031,};
uint16_t si2[357]={-2040,-2040,-1332,-1363,-844,-865,-622,-634,-599,-609,-600,-612,-567,-582,-510,-529,-371,-390,-67,-85,725,714,1714,1717,1914,1928,1527,1551,1295,1335,1123,1174,1040,1103,1240,1311,1629,1706,2024,2107,2074,2158,1879,1970,1692,1790,1520,1622,1337,1438,1148,1241,884,968,594,668,284,352,-42,23,-249,-182,-353,-288,-539,-478,-923,-870,-1304,-1256,-1475,-1426,-1564,-1510,-1947,-1891,-2672,-2616,-3467,-3413,-3985,-3935,-4080,-4032,-3757,-3712,-3063,-3021,-2263,-2228,-1618,-1595,-1212,-1201,-942,-946,-692,-703,-530,-547,-576,-595,-794,-815,-1198,-1221,-1802,-1830,-2028,-2059,-1533,-1564,-853,-880,-244,-267,14,-4,-83,-100,-273,-293,-677,-708,-888,-925,-599,-639,-260,-300,-82,-128,-102,-157,-244,-311,-388,-458,-626,-692,-848,-901,-711,-745,-349,-362,-189,-189,-430,-430,-876,-885,-1220,-1241,-1454,-1490,-1623,-1676,-1641,-1705,-1649,-1717,-1850,-1918,-2069,-2134,-2220,-2284,-2307,-2373,-2221,-2291,-1856,-1928,-1163,-1230,-231,-290,680,634,1430,1398,1995,1976,2448,2440,2861,2862,3247,3253,3630,3638,4152,4162,4956,4972,5811,5829,6317,6331,6469,6479,6430,6442,6306,6326,6128,6163,5888,5937,5686,5744,5431,5492,4915,4970,4305,4353,3856,3903,3531,3584,3212,3275,2824,2895,2380,2451,1860,1927,1252,1309,670,716,210,249,-13,23,-13,27,-14,26,-63,-27,-44,-12,93,122,274,304,379,414,349,389,201,245,49,96,2,53,19,72,27,77,-4,38,-106,-77,-290,-277,-528,-530,-799,-814,-1130,-1155,-1614,-1648,-2261,-2303,-2980,-3029,-3759,-3812,-4566,-4625,-4789,-4852,-4195,-4256,-3341,-3398,-2439,-2491,-1821,-1867,-1577,-1617,-1529,-1568,-1718,-1764,-1672,-1727,-1072,-1127,-348,-401,274,222,679,626,774,716,706,643,544,483,539,490,1004,974,1635,1630,1927,1943,1701,1728,1110,1137,501,517,-24,-24,-433,-453,-665,-705,-896,-946,-1312,-1368,-1795,-1851,-2291,-2346,-2793,-2851,-3176,-3240,-3310,-3380,-3052,-3126,-2449,-2520,-1759,-1823,};
uint16_t fa3[252]={-1320,-1320,-297,-301,820,826,1214,1224,1042,1053,1034,1045,1027,1038,836,848,424,436,240,252,115,127,-608,-601,-1154,-1148,-733,-725,476,495,1696,1725,1931,1961,1162,1186,55,71,-821,-814,-1147,-1145,-919,-916,-391,-386,220,228,767,778,885,896,759,766,1072,1080,1704,1715,2314,2327,2765,2778,2706,2716,2097,2101,1354,1350,764,753,454,443,470,457,723,714,886,877,911,904,802,796,385,376,-303,-317,-977,-993,-1326,-1345,-1366,-1383,-1340,-1355,-1613,-1628,-2301,-2321,-3206,-3232,-3585,-3612,-2771,-2791,-1293,-1300,-34,-31,585,594,822,830,778,786,359,364,87,90,204,207,668,678,1284,1299,1873,1892,2496,2519,3236,3265,3909,3943,4270,4306,4233,4271,3820,3855,3241,3273,2493,2518,1681,1700,1143,1159,660,674,66,74,-270,-262,-130,-119,383,397,914,935,1017,1039,700,719,269,283,27,39,159,170,523,536,805,819,953,967,1089,1105,1256,1272,1545,1562,2043,2062,2601,2622,2836,2856,2655,2672,2041,2049,1195,1195,567,558,285,274,286,273,411,400,328,316,-213,-228,-937,-959,-1346,-1372,-1310,-1336,-1297,-1322,-1538,-1565,-1831,-1858,-2289,-2318,-2969,-3002,-3752,-3791,-4493,-4537,-5201,-5251,-5208,-5256,-4213,-4251,-3061,-3088,-2436,-2457,-2658,-2683,-3524,-3555,-4240,-4278,-4030,-4070,-3217,-3249,-2349,-2374,-1928,-1948,-1724,-1740,-1624,-1639,-1427,};
uint16_t la3[200]={3047,3047,2060,2076,1067,1075,232,233,-366,-369,-664,-670,-539,-542,141,143,1155,1164,2001,2017,2477,2497,2645,2667,2755,2777,3001,3024,3263,3288,3206,3232,2450,2469,1038,1046,-536,-541,-1923,-1939,-3057,-3081,-3941,-3972,-4562,-4598,-4867,-4906,-4794,-4832,-4312,-4346,-3469,-3496,-2231,-2248,-636,-642,1023,1029,2408,2428,3423,3450,3978,4010,3954,3985,3542,3571,3063,3089,2695,2717,2360,2378,1912,1926,1390,1401,949,957,718,724,714,719,928,935,1442,1454,2143,2160,2700,2721,2980,3003,3030,3055,2881,2905,2590,2609,2158,2175,1516,1528,739,745,57,57,-275,-277,-61,-61,634,639,1421,1432,1917,1933,1964,1981,1664,1677,1298,1308,1077,1085,1025,1033,919,926,485,488,-309,-311,-1316,-1325,-2431,-2451,-3536,-3563,-4414,-4449,-4871,-4910,-4799,-4837,-4239,-4273,-3362,-3390,-2324,-2342,-1229,-1240,-191,-191,644,650,1164,1173,1365,1376,1079,1087,111,112,-1394,-1405,-2964,-2988,-4172,-4205,-4933,-4971,-5463,-5506,-5814,-5860,-5831,-5878,-5411,-5453,-4534,-4570,-3289,-3315,-1738,-1751,84,85,1871,1886,3239,3265,3937,3968,3870,3901,3186,};
uint16_t si3[178]={978,978,985,1535,1547,1972,1988,2348,2366,2599,2619,2534,2553,2174,2191,1748,1762,1408,1419,1082,1092,724,729,452,456,351,354,369,371,346,349,324,327,472,476,772,779,1082,1092,1297,1307,1317,1328,1075,1084,650,656,316,319,299,301,584,588,1042,1050,1533,1546,1951,1965,2234,2252,2328,2346,2168,2184,1845,1860,1378,1389,763,769,208,209,-181,-183,-452,-456,-565,-569,-643,-648,-841,-848,-952,-959,-766,-772,-349,-352,139,140,513,516,676,682,673,678,584,590,412,416,165,164,-117,-117,-508,-513,-1102,-1110,-1822,-1836,-2424,-2444,-2721,-2742,-2646,-2668,-2344,-2363,-2011,-2026,-1742,-1756,-1601,-1613,-1623,-1637,-1833,-1847,-2193,-2209,-2589,-2609,-2877,-2900,-3064,-3090,-3228,-3253,-3267,-3293,-3041,-3065,-2542,-2561,-1818,-1832,-939,-948,-42,-43,709,715,1265,1276,1448,1459,1188,1198,755,761,325,327,-53,-51,-218,-220,-135,-136,-38,-39,-29,-29,-40,-40,14,14,328,331,};
uint16_t re4[150]={2959,2959,2981,2793,2815,2486,2505,2391,2411,2521,2540,2690,2711,2686,2707,2395,2414,1964,1980,1484,1495,976,984,605,610,496,500,578,583,648,654,550,554,111,113,-705,-711,-1559,-1572,-1991,-2007,-1941,-1956,-1712,-1726,-1495,-1507,-1323,-1333,-1097,-1104,-749,-753,-392,-395,-156,-157,-42,-42,-39,-40,36,37,425,428,907,915,1254,1264,1627,1640,2214,2232,2921,2945,3435,3462,3639,3667,3787,3818,4107,4139,4487,4522,4621,4658,4317,4351,3624,3654,2738,2760,1879,1894,1235,1245,931,938,887,894,803,809,365,368,-418,-420,-1320,-1331,-2312,-2330,-3212,-3236,-3638,-3666,-3693,-3722,-3852,-3883,-4248,-4282,-4766,-4804,-5291,-5334,-5673,-5717,-5795,-5840,-5514,-5557,-4858,-4896,-4083,-4116,-3399,-3425,-2845,-2867,-2262,-2281,-1483,-1496,-582,-587,469,473,1709,1723,2670,2690,};
uint16_t fa4[126]={2964,2964,2987,3869,3900,3903,3934,3449,3477,2793,2814,2269,2287,2185,2202,2390,2409,2596,2617,2475,2494,1993,2009,1620,1633,1683,1695,1927,1943,2035,2051,2089,2105,2194,2211,2277,2297,2188,2206,1775,1789,1302,1313,1059,1068,858,865,495,499,-138,-139,-1168,-1178,-2134,-2150,-2537,-2557,-2820,-2842,-2841,-2864,-2294,-2312,-1886,-1902,-2062,-2078,-2412,-2432,-2347,-2366,-1982,-1997,-2171,-2188,-2793,-2816,-3015,-3040,-2688,-2710,-2215,-2232,-1946,-1962,-1792,-1807,-1489,-1501,-1125,-1134,-1010,-1019,-1071,-1079,-1061,-1070,-898,-905,-560,-565,-346,-349,-513,-517,-854,-860,-1187,-1197,-1348,-1359,-1119,-1127,-531,-535,99,101,296,299,-57,-58,-374,-378,113,113,1490,1503,};
uint16_t dod2[636]={-1511,-1511,-1391,-2093,-1982,-2641,-2543,-3110,-3026,-3479,-3416,-3761,-3729,-3947,-3945,-4058,-4086,-4127,-4184,-4117,-4195,-4002,-4091,-3820,-3909,-3539,-3611,-3175,-3222,-2786,-2812,-2331,-2333,-1838,-1816,-1397,-1349,-1002,-943,-658,-598,-376,-318,-151,-99,7,43,167,192,405,423,686,703,1001,1022,1391,1421,1804,1847,2184,2233,2538,2596,2862,2934,3168,3254,3479,3575,3795,3904,3996,4115,3974,4095,3980,4095,4037,4139,3994,4081,3972,4032,4024,4054,4083,4086,3925,3900,3506,3454,2965,2896,2343,2263,1577,1491,722,627,-3,-98,-462,-550,-806,-892,-1215,-1297,-1586,-1661,-1870,-1943,-2215,-2290,-2582,-2663,-2969,-3067,-3437,-3555,-3768,-3899,-3903,-4043,-4041,-4184,-4167,-4308,-4097,-4219,-3875,-3970,-3631,-3705,-3300,-3351,-2876,-2902,-2446,-2454,-2022,-2014,-1642,-1621,-1364,-1332,-1120,-1079,-826,-781,-532,-483,-233,-185,152,198,584,634,987,1045,1417,1482,1898,1968,2378,2452,2840,2914,3289,3362,3702,3777,4034,4119,4314,4419,4588,4713,4881,5026,5143,5304,5176,5337,4859,5007,4489,4618,4011,4117,3290,3370,2654,2714,2112,2152,1530,1550,1115,1115,773,752,257,215,-241,-302,-673,-742,-1100,-1167,-1502,-1568,-2061,-2128,-2608,-2683,-2994,-3086,-3417,-3536,-3904,-4053,-4294,-4469,-4497,-4687,-4662,-4861,-4706,-4908,-4621,-4815,-4486,-4665,-4304,-4468,-4064,-4212,-3894,-4021,-3838,-3939,-3720,-3795,-3551,-3598,-3357,-3377,-3061,-3054,-2678,-2645,-2284,-2228,-1894,-1829,-1518,-1448,-1098,-1023,-709,-640,-415,-358,-118,-75,185,214,505,521,872,876,1207,1215,1565,1584,1983,2018,2370,2426,2739,2809,3098,3175,3361,3443,3501,3584,3551,3632,3458,3547,3228,3328,2932,3043,2632,2746,2330,2436,2025,2121,1748,1825,1452,1506,1117,1164,822,871,563,612,310,369,48,115,-266,-194,-605,-539,-963,-910,-1349,-1308,-1718,-1692,-2041,-2030,-2322,-2319,-2570,-2585,-2796,-2837,-3016,-3077,-3216,-3303,-3350,-3463,-3398,-3529,-3378,-3517,-3245,-3379,-3025,-3143,-2744,-2847,-2356,-2442,-1937,-2002,-1573,-1621,-1236,-1275,-928,-969,-673,-720,-480,-530,-329,-388,-144,-217,107,26,391,310,720,644,1128,1058,1553,1492,1950,1899,2324,2279,2665,2629,2981,2958,3273,3259,3481,3473,3443,3446,3268,3284,3126,3150,2852,2876,2432,2453,2032,2042,1764,1747,1501,1450,1079,1000,529,421,-8,-133,-418,-544,-840,-963,-1229,-1346,-1416,-1524,-1492,-1590,-1619,-1705,-1744,-1819,-1819,-1880,-1987,-2031,-2204,-2238,-2341,-2373,-2480,-2522,-2611,-2675,-2687,-2773,-2759,-2865,-2873,-2998,-2930,-3063,-2954,-3084,-3029,-3143,-3007,-3103,-2834,-2919,-2602,-2674,-2340,-2401,-2049,-2105,-1812,-1861,-1630,-1673,-1421,-1452,-1216,-1238,-1049,-1070,-846,-866,-549,-570,-227,-253,115,91,553,537,1072,1058,1647,1633,2244,2231,2858,2836,3434,3405,3945,3920,4410,4401,4861,4874,5305,5343,5658,5723,5741,5823,5551,5637,5373,5457,5021,5099,4430,4491,3941,3994,3463,3511,2942,2980,2621,2645,2218,2225,1576,1560,1016,978,528,473,107,45,-296,-348,-856,-897,-1271,-1302,-1511,-1543,-1880,-1924,-2407,-2474,-2842,-2935,-3061,-3172,-3189,-3310,-3156,-3282,-2988,-3103,-2722,-2822,-2379,-2466,-2018,-2092,-1822,-1882,-1769,-1813,-1686,-1707,-1618,-1617,-1588,-1562,-1478,-1431,-1289,-1226,-1120,-1041,-973,-883,-814,-721,-622,-521,-485,-383,-378,-279,-218,-126,-12,71,267,344,576,648,861,930,1196,1269,1554,1640,1872,1975,2253,2373,2706,2831,3106,3226,3430,3547,3682,3793,3779,3887,3741,3857,3625,3748,3435,3568,3158,3289,2821,2942,2451,2554,2030,2106,1589,1644,1198,1248,822,873,438,495,24,98,-439,-349,-943,-843,};
uint16_t red2[566]={0,0,0,0,0,1,0,1,0,0,0,0,-1,0,0,-1,0,1,0,1,0,-1,-1,0,-1,0,0,0,1,-1,0,0,0,-1,-1,0,0,0,-1,0,0,0,0,0,0,0,-1,0,0,0,0,0,0,0,0,0,0,0,0,0,1,0,0,-1,0,0,0,0,0,0,0,1,0,0,0,0,0,0,1,0,0,0,0,0,0,0,0,1,0,0,0,0,0,0,0,0,0,0,0,0,0,0,0,0,0,-1,-1,0,0,0,-1,0,0,1,-1,0,1,0,0,0,1,0,0,0,0,0,0,0,0,0,0,0,0,1,1,0,0,0,1,0,0,-1,0,1,0,1,0,0,1,1,0,-1,1,-1,0,0,0,0,0,0,-1,0,0,0,0,0,0,0,1,-1,0,0,1,0,0,1,0,0,1,0,-1,-1,0,-1,0,-1,0,0,0,1,0,0,0,1,1,1,-1,0,0,0,-1,0,0,0,0,0,0,0,1,0,0,0,0,0,0,0,0,0,0,1,0,0,0,-1,0,1,0,1,0,0,0,0,0,0,0,-1,0,0,0,-1,0,0,0,1,0,0,0,-1,0,0,0,0,0,0,0,1,-1,0,0,0,0,0,0,0,1,-1,0,0,0,-1,-1,0,0,0,0,0,0,0,0,-1,0,-1,0,0,0,-1,0,1,0,0,0,0,0,-1,1,0,-1,1,0,0,0,0,0,-1,1,0,0,-1,0,0,1,0,0,-1,0,0,0,1,0,0,0,0,0,1,-1,1,0,0,1,0,-1,-1,0,0,-1,0,1,1,0,0,0,0,0,0,0,0,0,0,0,0,0,-1,0,0,1,0,0,0,0,-1,-1,0,0,0,0,0,-1,0,1,0,0,1,0,0,0,0,0,0,0,0,-1,0,0,1,0,0,0,1,0,0,0,-1,0,0,0,0,0,0,0,0,0,1,-1,0,0,-1,0,0,0,0,0,0,0,0,0,1,0,0,0,0,0,0,0,-1,0,0,0,0,1,0,0,0,1,0,0,0,0,0,-1,0,0,-1,0,0,0,0,1,0,0,1,0,0,0,0,0,0,-1,0,0,1,0,0,0,0,0,0,0,1,0,0,0,0,0,0,1,0,0,0,0,0,0,0,0,0,0,0,0,0,0,0,0,0,0,0,0,0,0,0,0,0,0,0,-1,0,0,0,0,0,0,-1,1,0,0,-1,-1,0,0,0,0,-1,0,0,0,-1,0,0,0,0,0,1,-1,0,0,0,0,0,0,0,-1,0,0,-1,0,0,0,0,0,0,0,0,1,0,0,0,0,-1,0,0,0,1,0,0,0,0,1,0,0,};
uint16_t sol2[449]={-2605,-2605,-2709,-2352,-2452,-1995,-2091,-1569,-1661,-1104,-1192,-628,-710,-188,-262,236,169,602,541,882,829,1096,1048,1300,1257,1504,1467,1681,1649,1898,1871,2165,2145,2408,2396,2644,2637,2907,2908,3192,3200,3487,3502,3789,3810,4072,4098,4291,4323,4467,4505,4635,4678,4769,4818,4832,4886,4907,4968,5024,5089,5066,5139,5068,5144,5114,5194,5160,5241,5114,5197,4994,5076,4928,5012,4889,4975,4779,4865,4584,4671,4384,4471,4226,4313,4007,4092,3698,3781,3408,3491,3234,3317,3136,3218,3025,3108,2918,3002,2887,2972,2919,3005,2965,3051,2998,3086,3021,3110,3081,3171,3138,3228,3112,3201,3037,3125,2956,3040,2799,2880,2541,2617,2322,2394,2204,2274,2122,2187,2007,2068,1866,1923,1737,1790,1651,1699,1522,1567,1277,1316,1006,1042,784,815,606,633,435,460,239,257,63,76,-107,-98,-297,-295,-509,-510,-747,-755,-1039,-1053,-1396,-1418,-1669,-1695,-1841,-1870,-2135,-2167,-2544,-2583,-2978,-3020,-3378,-3425,-3764,-3812,-4153,-4202,-4495,-4548,-4825,-4881,-5150,-5205,-5388,-5445,-5555,-5612,-5730,-5786,-5901,-5957,-6050,-6106,-6162,-6218,-6173,-6227,-6060,-6109,-5920,-5963,-5827,-5866,-5701,-5735,-5493,-5521,-5275,-5297,-5111,-5129,-4940,-4952,-4688,-4694,-4394,-4394,-4113,-4108,-3840,-3832,-3573,-3562,-3306,-3293,-3001,-2986,-2668,-2654,-2370,-2358,-2099,-2086,-1875,-1863,-1679,-1667,-1497,-1487,-1378,-1367,-1314,-1307,-1264,-1259,-1179,-1177,-1060,-1061,-901,-903,-690,-693,-463,-464,-218,-220,53,53,350,352,686,691,1076,1085,1500,1513,1838,1853,2067,2086,2286,2307,2500,2524,2641,2668,2704,2733,2752,2782,2796,2825,2812,2843,2839,2869,2894,2925,2935,2965,2879,2909,2797,2826,2781,2810,2761,2791,2686,2715,2585,2614,2575,2607,2629,2664,2622,2659,2569,2609,2602,2648,2789,2840,2995,3052,3110,3174,3214,3283,3357,3429,3473,3552,3506,3590,3401,3489,3243,3334,3116,3209,2917,3011,2629,2720,2333,2421,2026,2109,1587,1664,1078,1147,700,763,440,499,201,253,-46,0,-303,-262,-490,-455,-599,-571,-736,-712,-900,-883,-1016,-1004,-1060,-1052,-1081,-1078,-1137,-1135,-1208,-1212,-1273,-1283,-1380,-1396,-1530,-1554,-1684,-1716,-1858,-1900,-2112,-2162,-2373,-2433,-2495,-2562,-2604,-2676,-2830,-2909,-3116,-3204,-3403,-3498,-3650,-3751,-3889,-3997,-4086,-4198,-4196,-4316,-4272,-4397,-4290,-4417,-4220,-4350,-4141,-4274,-4103,-4237,-4088,-4225,-4070,-4208,-4046,-4186,-3987,-4127,-3897,-4035,-3836,-3972,-3796,-3930,-3710,-3843,-3608,-3739,-3541,-3668,-3489,-3616,-3395,-3520,-3241,-3363,-3083,-3201,-2945,-3061,-2786,};
uint16_t lad2[378]={4510,4510,4574,2804,2827,905,880,-547,-607,-995,-1074,-557,-644,41,-45,398,315,408,326,-77,-151,-909,-971,-1857,-1898,-3089,-3107,-4118,-4123,-4190,-4190,-3474,-3476,-2380,-2383,-1283,-1281,-478,-466,-62,-47,102,116,164,189,201,253,402,467,816,879,1408,1469,2197,2259,2916,2979,3124,3180,2805,2840,2438,2440,2308,2277,2368,2310,2556,2479,2565,2479,2246,2161,1699,1617,931,853,114,37,-542,-608,-1158,-1203,-1952,-1987,-2637,-2674,-2868,-2907,-2696,-2723,-2312,-2332,-2005,-2028,-1989,-2016,-2377,-2402,-2997,-3013,-3352,-3352,-3060,-3043,-2343,-2312,-1780,-1735,-1676,-1620,-1767,-1709,-1763,-1720,-1638,-1625,-1426,-1447,-1262,-1315,-1126,-1200,-869,-944,-490,-548,-205,-245,-215,-243,-576,-600,-1299,-1314,-2148,-2149,-2899,-2892,-3753,-3753,-5162,-5182,-6466,-6509,-6317,-6369,-4968,-5017,-3883,-3936,-3520,-3572,-3061,-3095,-2730,-2728,-3069,-3032,-3377,-3313,-3191,-3114,-2647,-2572,-1071,-1000,1358,1430,2832,2905,3297,3367,3440,3493,3186,3213,3040,3054,3389,3410,4096,4136,4876,4938,5237,5311,4900,4979,3856,3930,2162,2217,293,302,-1047,-1089,-1268,-1339,-597,-683,166,71,594,496,544,447,-105,-202,-1071,-1159,-2015,-2085,-3077,-3123,-3751,-3769,-3474,-3470,-2602,-2588,-1534,-1520,-531,-520,206,221,610,629,860,876,1085,1102,1280,1319,1617,1689,2087,2176,2591,2682,3221,3315,3822,3917,3933,4025,3551,3630,3215,3270,3174,3190,3337,3321,3536,3495,3431,3368,2902,2826,2126,2044,1237,1156,468,390,-11,-78,-507,-551,-1332,-1352,-2112,-2128,-2449,-2472,-2363,-2388,-2014,-2029,-1721,-1732,-1712,-1731,-2049,-2075,-2522,-2544,-2619,-2627,-2137,-2121,-1377,-1339,-891,-836,-842,-771,-856,-772,-717,-637,-421,-362,7,31,373,361,680,634,1090,1023,1530,1465,1841,1794,1875,1845,1573,1550,1002,983,388,384,-156,-141,-898,-877,-2274,-2270,-3648,-3667,-3663,-3695,-2538,-2571,-1617,-1655,-1317,-1366,-766,-813,-250,-269,-507,-492,-896,-848,-998,-921,-875,-784,372,467,2690,2789,4155,4250,4671,4760,4878,4953,4602,4651,4360,4381,4558,4573,5150,5180,5908,5963,6299,6373,6016,6101,5004,5089,};
uint16_t re3[300]={324,324,240,39,-45,-109,-191,-156,-234,-96,-173,56,-16,333,265,848,787,1346,1297,1706,1671,2063,2041,2484,2475,2939,2946,3523,3545,4098,4133,4469,4514,4657,4710,4550,4611,4265,4331,3898,3967,3532,3602,3060,3131,2354,2423,1478,1543,610,672,-91,-31,-714,-655,-1284,-1225,-1757,-1701,-2089,-2035,-2418,-2366,-2828,-2775,-3277,-3224,-3580,-3524,-3454,-3394,-2821,-2753,-1998,-1923,-1452,-1377,-1195,-1120,-1262,-1189,-1519,-1447,-1663,-1593,-1607,-1539,-1339,-1274,-913,-853,-504,-450,-358,-316,-459,-428,-666,-647,-965,-959,-1296,-1300,-1173,-1185,-494,-507,57,38,315,292,409,382,289,257,310,273,520,479,719,670,1168,1115,2070,2018,3086,3038,4147,4104,5150,5115,5740,5708,5927,5895,5729,5690,5365,5319,5210,5157,5240,5181,4994,4927,4419,4342,3664,3578,2711,2617,1804,1705,1056,955,365,265,-229,-330,-590,-691,-751,-849,-640,-734,-280,-365,-8,-80,96,34,151,103,221,187,479,460,911,907,1269,1278,1447,1466,1380,1407,1028,1064,578,619,252,298,161,214,235,293,361,423,387,456,299,372,175,255,-1,84,-127,-37,-117,-22,-116,-19,-256,-157,-538,-438,-978,-878,-1392,-1291,-1524,-1423,-1260,-1156,-955,-851,-890,-792,-1041,-951,-1379,-1294,-1729,-1650,-1999,-1921,-2292,-2220,-2700,-2637,-3155,-3104,-3737,-3700,-4597,-4577,-5532,-5528,-6098,-6110,-6430,-6452,-6599,-6629,-6065,-6099,-5231,-5267,-4987,-5030,-5196,-5247,-5513,-5575,-5650,-5717,-5202,-5273,-4546,-4619,-4026,-4104,-3161,-3243,-1933,-2014,-584,-660,808,740,1834,1776,2350,2294,2410,2355,2164,2106,2006,1944,2327,2265,2679,2617,2443,2374,1809,1729,1104,1014,517,423,};
uint16_t red3[283]={1969,1969,1934,1940,1770,1769,1542,1531,1279,1259,1094,1065,1260,1226,1631,1596,2156,2122,2699,2667,2940,2907,2908,2874,2690,2654,2287,2248,1849,1803,1654,1606,1920,1872,2704,2661,3771,3736,4620,4594,5046,5021,5050,5027,4612,4584,4086,4053,3813,3778,3691,3657,3529,3494,3178,3145,2520,2487,1579,1546,415,378,-897,-934,-2144,-2184,-3104,-3144,-3608,-3647,-3646,-3679,-3352,-3378,-2976,-2993,-2861,-2873,-3076,-3083,-3460,-3465,-3780,-3781,-3736,-3730,-3378,-3363,-3044,-3022,-3018,-2993,-3454,-3428,-3969,-3945,-3820,-3790,-2824,-2779,-1380,-1318,-14,62,760,845,889,979,657,745,495,581,765,852,1150,1239,1329,1417,1565,1649,2084,2169,2724,2812,3270,3356,3409,3492,2857,2930,2027,2085,1626,1673,1810,1852,2208,2245,2334,2362,1875,1892,1026,1027,261,247,-142,-166,-200,-231,-149,-186,-23,-67,231,182,637,585,1324,1275,2162,2117,2858,2817,3325,3287,3560,3524,3629,3592,3765,3729,4170,4136,4788,4755,5429,5400,5845,5818,5885,5857,5681,5651,5247,5213,4488,4448,3609,3562,2799,2744,2027,1968,1264,1200,492,426,-425,-493,-1601,-1672,-3009,-3082,-4468,-4543,-5671,-5747,-6423,-6496,-6692,-6759,-6601,-6663,-6252,-6305,-5815,-5859,-5448,-5483,-5178,-5203,-4991,-5008,-4774,-4781,-4412,-4408,-4048,-4034,-3867,-3844,-3904,-3876,-4195,-4164,-4362,-4328,-3896,-3852,-2931,-2873,-1923,-1852,-1346,-1265,-1531,-1447,-2289,-2209,-3364,-3292,-4323,-4258,-4746,-4686,-4485,-4427,-3628,-3568,-2673,-2610,-1813,-1747,-1115,-1046,-573,-504,-223,-158,-203,-146,112,165,782,831,1224,1267,1593,1630,1889,1919,2004,2026,};
uint16_t sol3[225]={-227,-227,-380,-385,-288,-293,-14,-16,259,258,414,416,416,419,292,292,234,236,395,397,701,707,1006,1014,1178,1186,1215,1224,1178,1186,1116,1124,1126,1135,1263,1273,1432,1444,1511,1523,1414,1426,1213,1223,983,991,747,753,604,611,599,605,730,736,979,988,1181,1193,1275,1285,1333,1344,1406,1419,1514,1529,1622,1638,1721,1738,1729,1745,1621,1636,1506,1520,1393,1406,1309,1322,1266,1278,1144,1156,939,950,670,677,423,427,353,359,491,497,806,814,1144,1154,1343,1356,1366,1377,1293,1304,1249,1259,1263,1274,1306,1315,1299,1310,1228,1237,1159,1169,1124,1133,1083,1092,934,942,631,635,232,234,-150,-151,-382,-384,-446,-449,-461,-464,-594,-598,-972,-981,-1617,-1631,-2368,-2388,-2984,-3008,-3342,-3369,-3493,-3522,-3444,-3474,-3269,-3296,-3107,-3133,-2958,-2984,-2764,-2787,-2421,-2442,-1859,-1875,-1185,-1195,-568,-575,-80,-83,244,242,391,391,267,266,-141,-144,-721,-730,-1415,-1430,-2128,-2147,-2774,-2797,-3286,-3315,-3481,-3511,-3265,-3292,-2814,-2837,-2292,-2312,-1909,-1925,-1791,-1806,-1788,-1804,-1622,-1637,-1165,-1173,-469,-474,349,351,1128,1135,1630,1641,1703,1716,1491,1503,1246,1257,1042,1050,801,806,436,440,42,43,};
uint16_t lad3[189]={156,156,158,362,364,510,514,483,487,317,320,147,148,103,102,245,247,522,525,806,811,1027,1036,1174,1183,1248,1259,1200,1210,1005,1014,781,788,723,729,856,863,1085,1094,1301,1312,1453,1464,1531,1543,1535,1547,1520,1531,1497,1508,1453,1465,1422,1433,1358,1369,1171,1180,856,862,453,457,19,19,-403,-407,-730,-737,-815,-820,-608,-613,-169,-171,404,407,965,972,1349,1359,1498,1510,1498,1509,1489,1502,1508,1520,1450,1461,1262,1272,1027,1035,794,800,593,598,477,481,463,467,532,537,625,630,655,660,572,576,429,433,296,298,180,182,60,60,-125,-127,-495,-500,-1142,-1151,-2001,-2017,-2857,-2879,-3378,-3405,-3334,-3362,-3014,-3037,-2844,-2868,-2804,-2827,-2655,-2676,-2327,-2345,-1854,-1869,-1228,-1238,-594,-599,-312,-315,-578,-583,-991,-999,-1214,-1224,-1220,-1230,-1223,-1233,-1307,-1318,-1264,-1273,-1000,-1008,-708,-714,-556,-561,-492,-495,-451,-455,-456,-460,-470,-474,-301,-304,-1,0,171,172,73,74,-50,-51,-34,};
uint16_t *arrayNotesA20[8] = {fad1,la1,do2,mi2,fad2,la2,do3,mi3,};
int taillesA20[8] = {953,801,674,535,476,400,337,267,};
uint16_t *arrayNotesB20[8] = {fad3,la3,do4,lad1,si1,re2,fa2,la2,};
int taillesB20[8] = {238,200,168,754,714,600,505,400,};
uint16_t *arrayNotesA27[8] = {si2,re3,fa3,la3,si3,re4,fa4,dod2,};
int taillesA27[8] = {357,300,252,200,178,150,126,636,};
uint16_t *arrayNotesB27[8] = {red2,sol2,lad2,re3,red3,sol3,lad3,};
int taillesB27[8] = {566,449,378,300,283,225,189,};
