uint16_t fad1[715]={0,0,0,1,1,1,2,1,1,2,1,2,2,3,3,2,1,1,2,2,2,3,3,4,5,5,4,4,3,4,4,4,5,4,4,3,3,3,3,4,4,4,4,5,5,4,4,3,4,3,2,1,2,1,1,1,1,1,1,3,3,4,3,5,3,3,4,20,21,36,37,53,53,68,68,83,83,95,96,107,108,117,118,125,126,129,131,134,134,135,137,137,138,135,136,133,134,131,131,127,128,123,125,120,121,117,118,115,114,112,113,112,113,111,112,112,112,113,114,115,116,118,118,123,125,127,128,132,133,138,139,137,138,138,137,135,136,129,130,121,121,112,113,101,102,89,89,76,76,62,63,47,47,30,31,15,15,-5,-4,-24,-25,-43,-45,-67,-68,-91,-92,-113,-114,-133,-135,-154,-155,-177,-179,-197,-199,-218,-220,-239,-242,-263,-266,-285,-288,-305,-307,-324,-326,-342,-344,-359,-362,-374,-378,-388,-392,-401,-404,-410,-413,-416,-420,-423,-426,-425,-428,-424,-428,-422,-425,-418,-422,-412,-415,-399,-403,-388,-392,-376,-378,-359,-363,-339,-343,-318,-320,-297,-299,-272,-274,-248,-250,-230,-231,-212,-213,-193,-195,-175,-176,-157,-159,-142,-143,-127,-128,-114,-115,-105,-106,-99,-99,-95,-95,-90,-90,-86,-88,-88,-88,-89,-90,-89,-90,-85,-87,-82,-83,-83,-83,-82,-83,-80,-81,-76,-77,-72,-73,-68,-68,-60,-61,-52,-52,-44,-45,-32,-32,-16,-16,1,2,18,19,37,38,57,58,76,76,92,92,112,114,132,132,150,151,172,174,191,192,207,207,222,223,238,240,255,257,272,275,291,293,307,310,317,320,332,334,347,348,358,361,368,370,378,380,391,394,398,401,401,404,405,409,408,411,409,412,404,407,399,402,395,398,390,393,382,386,373,375,360,364,350,353,338,340,324,327,307,310,291,293,275,278,259,261,241,244,222,223,201,203,180,181,160,161,140,141,121,123,104,105,88,89,73,73,60,61,51,52,44,44,40,39,34,34,30,30,28,29,28,28,29,30,34,34,34,35,37,38,43,43,49,50,58,58,67,67,77,77,85,84,92,92,102,103,110,111,119,119,129,130,139,141,147,148,153,155,165,167,176,177,184,185,195,197,205,208,219,220,229,231,238,240,249,251,260,262,270,273,278,280,290,291,300,302,307,310,310,312,314,316,322,323,324,327,328,330,333,335,334,337,337,338,340,343,347,349,351,355,359,361,368,371,375,377,385,387,398,400,410,413,423,426,436,440,451,455,467,471,484,487,499,504,515,519,533,536,548,552,565,569,578,583,589,593,596,602,602,606,605,610,606,611,605,611,602,607,594,599,585,589,572,576,558,562,546,550,528,532,503,507,479,483,455,459,429,432,402,405,375,378,349,351,322,324,296,299,272,274,249,250,228,230,208,210,189,190,172,173,156,158,147,149,133,134,119,120,111,112,98,99,87,87,78,78,66,67,51,51,36,36,26,26,12,12,-3,-2,-14,-15,-29,-29,-45,-45,-60,-60,-77,-78,-97,-99,-113,-114,-127,-127,-145,-147,-163,-164,-178,-181,-197,-199,-219,-221,-245,-247,-269,-271,-291,-294,-317,-320,-341,-343,-363,-366,-390,-392,-414,-417,-438,-441,-464,-467,-492,-494,-518,-523,-545,-550,-571,-575,-592,-596,-611,-614,-629,-632,-643,-648,-648,-654,-660,-665,-669,-676,-678,-684,-688,-693,-693,-698,-691,-697,-684,-690,-678,-685,-667,-671,-657,-663,-654,-659,-646,-652,-642,-646,-629,-633,-616,-621,-605,};
uint16_t la1[601]={-1,-1,-1,1,1,1,0,1,1,1,2,2,2,3,3,2,2,2,2,3,3,4,4,4,4,4,5,4,4,4,4,4,4,4,5,4,2,3,4,4,4,4,4,4,4,4,4,4,4,2,3,2,1,1,2,1,2,2,2,3,3,4,3,4,4,4,4,3,3,3,3,5,4,7,7,12,12,19,18,28,28,41,41,55,55,71,72,89,89,108,109,130,131,153,155,179,180,199,200,219,222,240,242,260,261,278,281,299,302,318,321,332,335,341,345,346,349,345,347,337,339,324,326,309,312,294,296,280,283,270,272,249,251,229,231,206,208,182,183,162,162,148,149,138,139,132,133,131,132,136,137,143,144,152,153,170,171,183,185,191,193,199,200,204,206,210,213,219,220,223,226,228,230,230,232,230,231,232,233,230,232,228,229,226,228,226,227,220,221,210,212,198,200,183,184,164,166,138,139,108,109,82,82,55,55,27,27,4,4,-17,-17,-38,-37,-61,-60,-74,-74,-81,-82,-90,-91,-95,-96,-98,-99,-99,-100,-102,-102,-108,-111,-115,-117,-119,-121,-124,-125,-127,-129,-132,-134,-133,-133,-120,-122,-109,-111,-100,-101,-91,-91,-82,-82,-84,-85,-90,-91,-87,-87,-92,-93,-102,-103,-106,-106,-105,-107,-113,-113,-126,-126,-136,-137,-139,-140,-141,-143,-164,-165,-192,-193,-219,-221,-242,-245,-265,-267,-284,-287,-297,-300,-299,-302,-309,-311,-332,-335,-351,-353,-356,-359,-353,-357,-367,-371,-391,-395,-412,-414,-423,-427,-442,-446,-459,-463,-475,-480,-490,-494,-513,-517,-524,-528,-532,-536,-539,-543,-540,-544,-544,-548,-542,-547,-540,-543,-543,-547,-541,-545,-545,-549,-550,-554,-562,-567,-576,-580,-582,-587,-593,-597,-607,-612,-625,-629,-639,-643,-653,-658,-664,-669,-677,-683,-684,-690,-676,-681,-669,-674,-658,-664,-643,-649,-615,-620,-583,-587,-552,-556,-509,-513,-458,-461,-400,-403,-334,-337,-260,-263,-185,-187,-117,-119,-48,-49,18,18,79,80,141,142,194,196,250,253,310,312,365,366,416,420,453,455,479,484,508,511,518,521,517,521,513,518,498,502,478,482,453,456,416,419,372,374,319,322,265,267,210,212,156,156,108,108,57,58,16,16,-15,-15,-46,-46,-61,-61,-73,-73,-82,-82,-77,-79,-72,-73,-53,-54,-23,-24,11,10,60,60,109,109,158,160,216,217,265,266,319,321,376,378,426,430,478,482,530,535,579,583,624,630,667,672,705,711,732,738,752,758,772,778,780,786,785,792,787,794,779,785,764,771,745,751,713,718,676,680,633,637,588,593,543,547,498,502,454,457,406,410,360,362,313,316,265,268,219,220,179,180,140,141,100,100,71,71,48,48,29,30,17,17,15,16,21,21,35,35,64,66,99,101,140,141,179,181,216,217,247,249,279,281,308,311,327,330,340,343,351,353,358,361,367,369,372,376,377,380,381,384,386,389,390,394,395,397,392,396,385,388,375,377,362,};
uint16_t do2[505]={0,0,0,1,1,0,0,0,0,0,0,0,0,0,1,0,0,0,0,0,0,1,0,0,1,0,0,1,-1,1,0,0,-1,0,0,0,0,0,-1,0,0,0,0,-1,-1,-1,0,0,0,0,0,0,0,0,1,0,1,0,0,0,-1,1,0,1,0,0,0,-1,-1,0,1,0,0,0,0,0,0,0,0,0,0,0,0,-1,0,0,0,0,0,0,1,0,0,0,0,0,1,1,0,0,-1,1,1,-1,0,0,0,0,-1,0,0,0,0,0,0,0,0,-1,-1,0,-1,0,0,0,0,1,0,0,0,0,-1,0,0,0,0,0,0,0,0,1,0,0,0,0,0,0,0,0,0,0,0,0,0,0,0,0,0,0,0,0,0,-1,0,0,0,0,0,0,-1,0,1,0,0,0,0,0,1,0,0,0,0,0,0,-1,1,0,0,0,0,0,-1,0,1,-1,0,0,0,0,0,0,0,1,0,1,0,0,0,0,1,-1,0,0,0,0,-1,-1,0,0,0,0,-1,-1,0,0,0,0,0,1,-1,0,0,0,0,0,-1,0,-1,0,-1,1,0,0,0,0,0,-1,0,0,0,0,0,0,-1,1,0,0,0,0,0,1,0,1,0,0,0,0,1,-1,0,1,0,0,1,0,0,1,1,-1,0,0,0,0,1,-1,0,0,-1,0,0,0,0,0,0,-1,0,0,1,0,0,0,0,-1,-1,0,0,0,0,-1,0,0,0,0,0,-1,0,-1,0,0,0,0,0,0,0,1,0,0,0,0,0,0,0,0,0,0,-1,0,0,1,1,1,0,0,0,0,0,0,1,0,0,0,0,0,0,1,-1,0,-1,1,0,0,0,0,-1,0,-1,0,0,1,-1,-1,-1,0,1,0,0,0,0,0,1,0,0,0,0,0,0,0,0,0,1,0,-1,0,1,0,-1,0,0,0,0,0,0,0,0,-1,0,0,0,0,0,0,1,0,0,1,0,-1,0,0,0,1,-1,-1,0,0,0,0,0,0,0,-1,0,0,0,0,0,1,0,0,0,0,0,1,0,0,1,0,0,0,1,0,0,0,0,0,0,-1,-1,0,1,0,0,0,0,0,0,0,0,0,0,0,1,1,0,0,1,0,0,0,0,0,0,0,1,0,0,0,0,-1,1,1,0,0,0,0,0,0,0,0,0,-1,0,0,0,0,0,0,};
uint16_t mi2[401]={0,0,-1,0,-1,0,0,0,0,0,0,0,0,0,0,0,0,0,0,0,0,1,0,1,0,-1,0,0,0,1,0,-1,0,0,1,1,0,0,0,0,0,1,0,1,0,0,0,-1,0,1,0,0,0,0,0,1,0,0,0,0,0,0,0,0,1,0,1,0,0,0,0,0,0,-1,0,0,-1,1,-1,0,0,-1,0,1,1,0,0,0,0,0,1,1,0,0,-1,0,0,0,0,0,-1,0,1,1,1,-1,0,0,0,0,0,0,0,0,0,0,-1,0,0,0,0,0,-1,0,0,0,0,0,-1,-1,-1,0,0,0,0,0,0,0,-1,0,0,0,0,0,0,0,0,0,0,0,0,0,0,0,-1,0,-1,0,-1,1,0,0,0,0,0,0,0,0,0,0,0,0,0,0,0,-1,-1,0,0,0,0,-1,0,0,-1,0,0,0,0,0,0,0,0,0,0,1,-1,0,1,0,1,0,0,1,-1,0,0,0,0,0,0,0,0,0,0,0,0,0,0,0,0,0,1,0,1,0,0,1,-1,0,0,0,1,0,1,0,0,0,1,0,1,-1,0,0,0,0,0,-1,0,-1,0,-1,0,0,0,0,0,1,0,0,1,0,0,-1,0,0,0,0,0,0,0,0,0,0,0,0,0,-1,-1,0,0,1,0,0,1,0,1,0,0,0,0,0,1,1,0,0,0,1,0,0,-1,0,0,1,0,0,0,1,0,0,0,0,0,0,-1,0,0,0,0,-1,0,-1,0,0,0,0,0,0,0,0,0,0,0,0,0,0,0,0,0,0,-1,1,0,0,1,1,0,0,0,-1,0,0,-1,0,-1,0,1,0,0,0,0,1,0,0,0,1,0,-1,0,0,0,0,0,0,0,0,0,0,0,0,0,1,0,0,1,0,0,0,0,0,0,1,0,0,0,0,0,-1,0,0,0,-1,};
uint16_t fad2[357]={0,0,1,2,1,1,1,1,1,1,2,2,2,2,2,3,2,3,1,2,4,3,3,4,4,5,5,3,4,4,4,4,4,4,3,4,3,2,4,5,4,4,4,4,4,3,4,3,4,2,2,2,2,1,1,2,1,2,2,3,3,4,3,3,3,3,3,11,11,18,18,25,25,32,33,39,39,46,46,53,53,58,59,63,64,70,69,74,75,78,78,84,84,90,90,94,95,99,98,101,102,103,104,106,107,107,108,110,111,111,112,114,115,115,116,116,117,116,117,116,117,116,118,114,115,113,112,111,111,107,108,107,108,103,104,96,97,92,92,89,91,93,93,93,93,88,89,84,85,83,83,81,83,82,82,81,82,83,83,88,89,91,92,95,96,102,102,105,106,109,109,112,113,112,112,110,110,109,110,115,116,117,118,124,125,127,129,126,128,127,126,126,127,128,130,125,127,121,122,120,121,121,121,122,122,123,123,120,121,114,116,108,108,103,103,96,97,86,87,75,76,69,70,60,60,47,47,34,33,23,23,16,16,7,5,-2,-2,-11,-12,-19,-19,-29,-30,-36,-38,-41,-41,-47,-47,-54,-56,-63,-63,-69,-69,-76,-77,-82,-83,-88,-88,-94,-94,-99,-100,-104,-106,-105,-107,-111,-113,-117,-118,-121,-122,-124,-124,-128,-128,-134,-134,-138,-139,-143,-144,-145,-147,-145,-147,-143,-145,-145,-146,-146,-148,-146,-147,-145,-146,-142,-144,-140,-140,-135,-135,-128,-128,-121,-123,-118,-119,-113,-115,-105,-106,-98,-98,-91,-93,-83,-85,-75,-75,-65,-65,-55,-56,-48,-48,-40,-42,-32,-32,-20,-20,-12,-13,-4,-5,6,6,16,16,23,24,28,28,34,35,44,45,51,51,56,57,63,64,69,};
uint16_t do3[252]={1,1,1,2,2,2,3,3,3,3,3,3,3,3,3,4,4,4,3,4,4,4,4,4,4,3,4,5,4,4,5,5,5,5,5,5,5,6,5,6,5,6,5,5,6,5,5,5,5,6,5,5,4,4,3,3,3,3,2,3,1,3,2,2,2,1,1,6,6,5,5,-2,-1,-11,-11,-17,-17,-25,-26,-39,-39,-53,-53,-66,-68,-87,-88,-116,-117,-142,-143,-160,-161,-174,-175,-187,-188,-193,-194,-189,-190,-195,-196,-219,-220,-240,-241,-255,-256,-280,-282,-323,-326,-382,-385,-438,-441,-508,-513,-621,-626,-728,-733,-779,-785,-799,-804,-822,-828,-830,-837,-771,-777,-679,-685,-599,-605,-579,-583,-576,-580,-500,-505,-349,-353,-199,-200,-88,-89,-4,-3,69,69,113,114,118,120,131,131,179,181,238,239,271,274,303,306,376,378,492,496,613,618,712,718,799,805,873,881,919,927,941,948,971,980,1032,1041,1096,1103,1147,1156,1170,1179,1163,1171,1134,1143,1102,1111,1104,1114,1126,1135,1126,1134,1101,1109,1081,1090,1084,1093,1112,1120,1135,1144,1134,1143,1122,1131,1102,1111,1044,1052,952,959,864,872,781,788,698,704,641,646,610,614,560,564,469,473,356,360,263,265,205,207,145,147,37,36,-104,-104,-228,-229,};
uint16_t mi3[200]={0,0,0,-1,-1,-2,-2,-2,-2,-2,-1,0,1,1,1,1,0,1,0,1,1,1,0,1,1,2,2,2,3,2,2,0,0,0,0,0,0,0,0,1,0,-1,-1,0,-2,-2,-2,-2,-3,-2,-2,-1,-2,-2,-2,-2,-2,-3,-3,-4,-3,-2,-2,-3,-2,-2,-2,10,10,23,24,37,37,50,50,62,62,74,75,86,87,97,98,107,108,115,115,121,121,124,125,126,127,128,129,132,133,135,137,133,133,130,132,131,133,124,125,108,109,96,98,86,87,73,74,57,59,39,39,25,25,14,14,0,1,-10,-9,-16,-17,-21,-22,-27,-27,-28,-28,-32,-32,-38,-38,-43,-44,-54,-54,-71,-71,-94,-94,-113,-114,-131,-131,-148,-149,-165,-167,-183,-185,-207,-208,-237,-238,-265,-266,-288,-290,-305,-309,-328,-331,-349,-351,-366,-369,-384,-387,-401,-404,-413,-417,-424,-426,-434,-438,-441,-446,-446,-448,-449,-452,-450,-454,-446,-449,-437,-440,-427,-431,-421,-425,-413,-417,};
uint16_t fad3[178]={0,0,1,1,2,1,1,0,1,2,1,1,2,3,3,2,2,2,3,3,3,5,3,4,4,5,5,3,4,4,4,5,4,4,4,3,3,3,4,5,5,5,5,4,4,3,4,3,3,3,3,2,2,1,1,2,1,2,2,4,3,3,3,4,4,4,4,5,5,5,6,6,6,5,5,6,6,6,7,7,7,8,8,8,8,6,7,8,8,10,10,14,14,18,18,22,23,25,25,29,29,34,35,42,41,49,50,55,56,58,60,64,65,69,70,78,80,92,92,102,103,114,115,124,126,127,129,128,128,126,126,118,119,115,116,113,114,112,113,110,111,103,104,91,91,74,75,60,60,49,51,37,37,26,27,14,13,-7,-6,-26,-26,-44,-46,-63,-63,-75,-76,-90,-90,-102,-104,-119,-120,-140,-141,-162,-163,-184,-184,};
uint16_t do4[126]={0,0,0,1,1,1,1,1,1,1,2,2,2,3,2,2,2,2,2,3,2,3,4,4,4,4,5,4,4,4,4,4,4,3,4,2,3,3,3,4,4,4,4,4,4,4,5,4,4,3,3,2,1,1,1,1,2,2,2,4,3,3,3,4,4,4,4,10,10,16,16,21,21,24,25,27,27,29,30,31,32,31,31,27,28,22,22,15,15,4,5,-7,-8,-21,-21,-34,-35,-51,-51,-69,-70,-89,-90,-113,-113,-138,-139,-160,-161,-184,-186,-211,-213,-235,-237,-263,-264,-288,-291,-314,-316,-336,-339,-358,-361,-380,-384,};
uint16_t lad1[565]={0,0,0,-1,-1,-2,-2,-2,-2,-1,0,0,0,1,0,0,0,0,0,1,0,1,1,1,2,2,2,2,2,2,1,0,0,0,0,0,1,0,0,0,0,-1,0,-1,-1,-2,-2,-2,-2,-1,-2,-3,-1,-2,-2,-2,-1,-3,-3,-3,-3,-3,-3,-3,-2,-2,-3,-1,-1,0,0,1,1,1,1,2,1,1,3,2,2,2,1,0,1,1,1,1,1,2,2,3,3,5,5,8,8,11,11,12,12,15,15,18,18,19,19,24,25,32,32,40,41,52,52,63,63,71,73,79,79,85,86,89,90,93,93,96,98,99,99,97,98,94,94,89,88,78,80,68,68,56,55,42,42,28,28,13,14,4,4,-6,-6,-17,-17,-29,-30,-41,-42,-53,-54,-67,-68,-77,-77,-89,-88,-96,-97,-106,-107,-121,-121,-126,-128,-131,-132,-136,-136,-141,-142,-147,-149,-151,-153,-152,-154,-154,-156,-155,-157,-151,-151,-148,-149,-146,-148,-140,-141,-133,-134,-127,-127,-116,-117,-105,-106,-95,-96,-87,-87,-81,-81,-81,-82,-77,-77,-65,-66,-56,-56,-50,-50,-43,-44,-45,-45,-50,-50,-47,-47,-41,-42,-36,-37,-31,-31,-25,-25,-22,-22,-18,-17,-9,-9,-5,-5,-3,-4,-2,-2,-2,-2,-4,-3,2,2,13,11,18,19,25,25,31,30,34,35,32,33,35,34,44,44,52,52,63,63,73,73,80,80,86,87,94,95,107,108,124,125,137,138,150,151,164,166,174,176,185,186,193,194,205,207,214,216,221,222,230,232,243,245,253,255,259,260,265,268,271,273,278,280,281,283,282,285,288,289,289,292,288,290,285,289,283,286,280,282,275,278,271,274,264,266,256,257,249,251,239,241,231,232,222,223,214,216,213,215,204,206,189,190,182,184,177,180,168,169,157,159,148,150,136,136,120,121,108,110,103,104,97,99,94,95,92,93,89,90,86,87,83,84,84,84,82,83,79,80,75,76,76,77,75,75,74,74,72,73,63,62,60,61,57,57,49,50,46,46,48,49,50,50,46,46,44,45,36,36,26,26,19,20,13,13,10,9,5,5,-7,-7,-21,-20,-29,-30,-31,-31,-31,-32,-38,-39,-44,-44,-50,-50,-60,-61,-68,-68,-76,-76,-90,-90,-100,-100,-108,-109,-122,-124,-125,-127,-123,-123,-123,-124,-125,-126,-126,-127,-134,-135,-141,-142,-144,-146,-149,-150,-155,-157,-158,-160,-160,-161,-156,-158,-148,-149,-141,-143,-137,-139,-135,-136,-134,-135,-134,-134,-136,-137,-137,-139,-136,-136,-135,-136,-136,-136,-143,-144,-152,-153,-159,-162,-164,-166,-168,-169,-165,-168,-163,-165,-159,-160,-151,-154,-145,-147,-140,-142,-132,-133,-126,-127,-122,-123,-120,-121,-120,-121,-119,-118,-116,-117,-114,-114,-119,-121,-126,-128,-131,-131,-135,-137,-142,-143,-145,-146,-148,};
uint16_t si1[535]={0,0,0,0,0,0,-1,-1,0,0,0,0,1,-1,0,0,0,0,0,1,-1,0,1,-1,0,0,1,0,0,0,0,-1,0,0,0,0,-1,0,-1,0,0,0,0,0,0,0,0,0,0,0,0,0,0,0,1,-1,0,0,0,-1,0,1,0,0,0,0,-1,0,0,0,1,0,0,0,0,0,0,0,0,1,0,-1,-1,0,0,-1,0,0,0,0,0,0,0,1,0,0,0,0,-1,-1,0,0,0,0,0,0,0,0,0,0,0,-1,0,0,0,0,0,1,0,1,0,-1,0,0,0,0,0,0,0,1,0,0,0,-1,0,0,0,0,0,0,0,0,0,0,0,1,1,0,0,-1,0,0,0,0,0,1,0,-1,0,0,0,0,0,0,-1,0,0,0,0,0,0,0,0,0,0,0,-1,0,0,0,0,0,-1,0,0,0,0,-1,-1,-1,-1,0,0,0,0,0,0,0,0,-1,0,1,0,1,0,0,0,0,0,0,0,0,0,-1,-1,0,0,0,0,0,0,1,0,0,0,0,0,-1,-1,0,0,0,0,-1,-1,0,0,-1,0,0,-1,0,0,0,0,-1,-1,-1,0,-1,1,0,0,0,0,1,-1,1,1,0,0,0,1,0,0,1,1,-1,0,0,0,0,0,1,0,0,0,0,0,0,0,0,0,0,0,0,0,0,0,0,0,0,0,1,0,0,0,0,0,0,0,1,-1,0,1,0,0,0,0,0,1,0,0,1,1,0,-1,0,0,0,0,0,-1,0,1,0,0,1,0,1,0,0,0,0,0,0,1,0,1,1,0,0,0,0,-1,0,0,0,0,1,0,-1,0,0,-1,-1,0,0,1,1,1,0,0,-1,1,0,-1,0,0,0,1,0,0,0,0,1,0,0,0,0,0,0,0,0,0,1,0,0,0,0,0,0,0,0,0,0,0,0,0,1,0,0,1,0,0,0,0,0,0,0,0,0,0,0,0,0,-1,0,0,0,0,0,0,0,0,0,-1,0,0,0,0,-1,0,0,1,0,0,0,-1,0,-1,0,0,0,1,0,-1,1,0,-1,0,0,-1,0,0,0,1,0,0,0,0,0,0,1,0,0,1,0,0,0,0,1,0,1,0,-1,0,0,0,-1,0,0,0,1,0,0,0,0,-1,0,0,0,1,1,0,0,0,0,0,0,0,0,0,-1,-1,0,-1,0,0,0,0,0,0,0,0,0,-1,1,0,0,1,0,-1,-1,0,0,0,1,0,0,0,0,0,0,0,1,};
uint16_t re2[450]={0,0,0,0,0,0,0,-1,0,-1,0,0,0,0,0,0,0,0,0,-1,0,0,0,0,-1,-1,0,0,0,0,0,0,0,0,-1,0,-1,1,0,0,0,0,0,1,0,0,-1,0,-1,0,-1,0,0,0,0,0,0,0,0,0,0,0,-1,0,0,0,0,0,1,0,0,0,0,0,-1,1,0,0,0,0,0,0,1,0,0,0,0,0,-1,0,1,0,0,0,0,0,0,0,0,0,1,0,0,0,0,0,-1,0,0,0,0,1,0,0,-1,0,0,1,0,0,0,0,0,-1,0,0,-1,0,-1,0,1,1,0,-1,0,0,1,1,0,-1,0,0,0,0,0,1,0,-1,0,0,0,0,1,0,0,0,0,1,0,0,0,1,1,-1,0,0,0,-1,0,0,-1,0,0,-1,0,0,1,0,0,1,1,0,-1,0,0,0,1,-1,0,0,-1,-1,-1,0,0,-1,1,0,0,0,1,0,0,-1,0,-1,-1,-1,0,0,0,0,0,-1,0,0,0,-1,0,0,0,0,0,0,0,0,0,1,0,1,1,0,1,-1,1,0,0,0,0,0,0,0,0,0,0,0,0,-1,1,1,0,0,0,0,0,0,1,-1,0,0,0,0,0,0,0,-1,0,0,0,0,0,0,0,0,0,0,0,1,0,0,0,0,1,0,1,0,0,1,-1,-1,-1,0,0,0,0,0,-1,1,0,0,0,0,-1,0,0,0,1,0,0,0,0,0,0,0,0,1,0,0,0,-1,0,0,0,0,0,0,0,-1,0,0,0,1,0,0,0,0,0,1,0,-1,0,0,0,0,0,-1,-1,0,0,0,-1,1,0,0,0,0,0,0,0,0,0,0,0,-1,0,0,0,0,0,0,0,0,0,0,0,0,0,1,0,1,0,0,0,0,0,0,0,0,0,0,0,1,0,0,0,0,0,0,0,0,0,0,0,-1,0,0,0,0,0,0,0,0,0,1,0,1,0,0,1,0,0,-1,0,0,0,0,0,-1,0,0,1,-1,0,0,1,0,0,-1,0,0,0,0,1,0,0,0,-1,1,0,0,0,};
uint16_t fa2[378]={0,0,0,0,0,0,0,0,-1,0,-1,-1,0,0,-1,1,0,0,0,0,-1,0,0,0,1,0,0,0,0,-1,0,0,0,0,0,0,0,0,0,0,0,0,0,0,0,0,0,1,0,-1,0,0,0,0,0,0,0,0,0,0,0,0,0,0,0,0,0,0,-1,0,-1,0,1,0,0,0,-1,0,0,0,0,0,1,1,0,0,1,0,1,0,1,0,1,1,0,0,-1,0,-1,0,-1,0,0,0,0,0,0,0,0,0,-1,0,0,0,1,0,0,0,0,-1,0,0,0,0,1,0,1,0,0,0,0,0,0,0,1,0,0,0,-1,0,0,-1,0,0,0,0,0,0,0,0,0,0,-1,0,0,0,0,0,1,0,0,0,1,0,0,-1,0,0,0,0,1,-1,0,0,-1,0,0,0,0,0,0,0,0,-1,0,0,0,0,0,0,1,1,0,0,0,0,-1,0,0,1,0,0,1,0,-1,0,0,0,0,0,0,0,-1,0,0,0,0,0,-1,0,0,0,0,0,0,-1,-1,0,0,0,0,0,1,0,0,1,0,0,0,-1,0,0,0,0,0,0,0,0,0,0,1,0,0,0,0,0,0,0,0,0,0,0,0,0,0,0,0,0,0,0,0,1,0,0,0,-1,-1,0,0,0,1,0,0,-1,0,0,0,0,0,0,0,-1,0,0,0,0,0,1,0,0,0,0,0,0,0,0,0,0,0,0,0,0,1,0,0,0,-1,0,-1,-1,0,0,0,0,0,0,0,-1,0,-1,0,0,0,0,0,0,1,0,0,1,1,0,0,0,0,1,0,-1,0,0,0,0,0,0,-1,0,1,-1,0,0,0,1,0,1,0,0,0,0,0,0,0,1,0,1,0,0,1,0,0,};
uint16_t la2[300]={0,0,0,-1,-1,-2,-1,-3,-2,-1,-1,0,0,1,1,0,0,1,0,1,1,1,1,1,2,2,2,2,3,1,2,0,0,0,0,0,0,0,0,0,0,0,-1,-1,0,-1,-2,-2,-2,-3,-2,-2,-2,-1,-1,-2,-2,-3,-2,-3,-3,-3,-3,-2,-3,-2,-2,3,3,9,10,15,15,22,22,30,30,37,38,46,47,56,56,64,64,72,73,82,83,91,91,98,99,106,108,114,115,119,120,125,127,133,135,137,138,133,135,132,134,133,135,133,134,132,132,129,131,129,131,130,132,135,135,131,133,129,130,122,124,113,114,98,99,84,86,75,76,63,64,46,47,28,28,8,9,-10,-11,-28,-28,-46,-46,-62,-63,-77,-78,-96,-97,-118,-120,-137,-139,-158,-159,-178,-180,-195,-198,-210,-211,-219,-221,-227,-228,-233,-235,-239,-241,-244,-246,-245,-247,-244,-245,-238,-239,-228,-230,-220,-223,-214,-216,-206,-207,-195,-195,-179,-180,-162,-163,-143,-145,-119,-119,-96,-97,-79,-80,-66,-66,-53,-54,-36,-36,-20,-20,-2,-3,12,13,28,30,44,44,55,55,67,68,72,73,69,71,63,64,54,54,50,49,51,52,51,52,42,43,31,32,24,24,17,17,9,8,1,1,4,3,2,3,-10,-11,-19,-19,-21,-21,-23,-23,-24,-23,-24,-24,-25,-26,-25,-25,-28,-29,-42,-42,-51,-51,-53,-54,-59,-60,-65,-65,-74,-74,-86,-86,-100,-102,-111,-113,-118,-119,-124,-125,-129,-130,-140,-141,};
uint16_t si2[267]={1,1,0,-1,-1,-2,-1,-2,-2,-1,-1,0,1,1,1,1,0,0,1,0,0,1,1,1,1,1,2,3,2,2,2,0,-1,-1,-1,0,0,0,-1,-1,0,-1,-1,-2,-1,-3,-1,-2,-2,-2,-2,-1,-2,-2,-2,-2,-2,-3,-2,-3,-3,-4,-3,-1,-2,-2,-3,-5,-5,-2,-2,0,1,3,3,3,4,-2,-2,-15,-15,-32,-33,-53,-54,-73,-74,-97,-98,-125,-126,-155,-156,-192,-194,-235,-238,-283,-285,-333,-335,-382,-384,-425,-428,-456,-461,-483,-487,-496,-500,-512,-516,-504,-506,-495,-498,-471,-474,-373,-376,-294,-296,-198,-200,-79,-79,29,29,176,178,305,308,421,424,533,538,626,631,707,714,755,762,779,785,801,807,810,816,795,802,761,767,721,725,674,680,575,579,459,462,351,354,242,244,145,146,72,72,20,20,-17,-17,-35,-35,-22,-22,0,0,53,54,124,126,192,194,295,299,409,412,508,513,608,613,691,696,744,751,784,790,803,810,798,803,776,782,751,757,717,723,677,683,631,636,583,589,529,533,451,454,369,372,288,290,191,192,78,79,-34,-34,-125,-127,-202,-204,-263,-264,-303,-306,-341,-343,-369,-372,-381,-384,-373,-375,-343,-346,-302,-304,-262,-264,-220,-222,-167,-169,-109,-111,-66,-66,-40,-39,-23,-23,-14,-14,-9,-9,-8,};
uint16_t fa3[189]={1,1,1,1,2,2,2,2,2,3,3,4,3,3,4,3,4,4,3,4,3,4,4,4,4,4,4,4,4,5,5,4,5,5,6,5,5,6,5,5,5,5,5,4,5,5,4,5,5,4,4,4,3,4,3,3,3,3,3,3,1,2,2,1,2,1,1,1,1,1,2,3,3,4,5,8,9,12,12,16,16,22,24,31,31,40,40,52,51,60,62,69,70,78,79,88,88,97,97,104,106,113,114,122,123,129,131,141,142,153,154,166,167,180,182,193,194,202,205,213,216,225,227,232,234,241,243,251,253,257,259,256,259,259,261,264,267,271,273,274,277,269,271,256,258,239,241,220,223,203,205,187,188,171,172,148,149,127,129,106,107,83,85,61,63,40,40,18,17,-4,-5,-29,-29,-57,-57,-85,-86,-114,-114,-145,-147,-173,-174,-199,-201,-224,-226,-245,-247,-263,};
uint16_t la3[150]={0,0,0,1,1,0,1,1,1,2,2,2,2,2,3,2,1,2,2,3,3,4,3,4,4,4,4,4,4,4,4,5,4,5,4,3,3,3,3,5,5,5,4,4,3,4,4,3,4,3,2,2,1,1,1,2,2,2,2,2,2,4,4,4,4,3,4,8,9,12,12,15,16,19,19,22,21,27,27,33,34,40,39,46,46,50,51,51,51,54,54,57,58,60,60,62,62,61,61,59,59,54,53,44,44,33,33,21,21,6,6,-8,-9,-27,-28,-41,-41,-54,-55,-62,-62,-68,-68,-71,-71,-74,-74,-76,-76,-69,-69,-48,-49,-29,-28,-21,-20,-21,-20,-31,-31,-46,-47,-72,-72,-103,-103,-137,-138,-173,-173,};
uint16_t si3[133]={1,1,1,1,2,2,2,3,3,3,3,4,4,3,3,4,4,4,3,4,3,4,4,3,4,4,4,4,4,5,4,5,5,6,5,5,4,5,5,5,5,5,5,5,6,5,5,4,5,5,4,4,5,3,3,3,3,3,3,3,2,2,2,2,2,1,2,7,7,10,11,16,16,19,20,24,24,29,28,32,32,35,36,37,38,40,40,41,41,38,38,34,34,31,31,25,25,18,18,10,10,0,1,-10,-10,-23,-24,-38,-39,-54,-55,-69,-69,-82,-83,-96,-97,-113,-113,-131,-132,-150,-152,-175,-176,-196,-198,-212,-215,-225,-227,-233,-234,-241,};
uint16_t re4[112]={0,0,0,-1,-1,-2,-2,-3,-2,-1,-1,1,0,1,1,0,1,0,0,1,1,1,1,2,1,2,2,2,2,1,2,1,0,0,0,0,0,0,0,0,0,0,0,-1,0,-2,-2,-2,-2,-2,-2,-1,-2,-2,-2,-1,-2,-2,-3,-4,-3,-3,-3,-2,-2,-2,-2,-1,-1,1,1,1,1,0,0,-1,0,-2,-1,-4,-3,-7,-7,-12,-12,-19,-19,-27,-27,-35,-36,-47,-47,-59,-60,-72,-74,-91,-91,-108,-109,-122,-123,-135,-138,-153,-154,-170,-171,-186,-189,-208,-210,};
uint16_t fa4[94]={0,0,1,2,2,2,2,3,2,2,3,3,4,4,3,4,3,3,4,4,3,5,4,4,4,4,4,5,4,5,5,5,6,5,6,5,5,5,6,5,5,6,5,5,5,4,4,5,4,6,5,4,4,4,3,3,3,3,3,2,2,3,2,1,2,1,1,-1,-1,-6,-5,-12,-11,-17,-17,-23,-24,-31,-32,-39,-39,-49,-50,-62,-63,-74,-75,-81,-81,-91,-92,-102,-103,-112,-113,};
uint16_t dod2[477]={0,0,1,2,1,1,2,1,1,1,1,2,2,2,3,2,2,2,2,3,3,4,4,4,4,4,5,4,4,3,3,4,4,5,4,3,4,4,3,4,5,4,4,4,5,3,5,3,3,3,3,2,2,1,1,1,1,2,2,2,3,3,4,4,4,4,3,9,9,15,16,22,23,31,30,37,37,46,46,55,56,64,64,71,71,79,80,85,85,92,92,98,100,101,102,104,105,108,109,111,112,110,111,110,110,110,111,101,101,92,93,85,85,72,72,55,56,38,37,17,17,-6,-6,-28,-29,-58,-60,-86,-86,-115,-114,-141,-143,-167,-169,-190,-191,-213,-215,-243,-244,-263,-266,-279,-282,-294,-297,-307,-310,-318,-320,-322,-324,-324,-325,-329,-331,-333,-334,-334,-337,-333,-336,-327,-329,-318,-320,-311,-314,-300,-304,-281,-284,-264,-266,-249,-250,-233,-234,-220,-222,-213,-215,-200,-203,-189,-191,-181,-182,-169,-171,-160,-161,-159,-160,-155,-156,-151,-153,-157,-159,-160,-163,-168,-169,-185,-187,-195,-196,-203,-204,-216,-217,-225,-225,-231,-233,-244,-246,-255,-258,-264,-266,-282,-284,-297,-300,-309,-312,-328,-330,-345,-348,-353,-356,-365,-369,-378,-380,-382,-385,-391,-394,-393,-395,-389,-392,-386,-389,-380,-383,-377,-379,-374,-377,-365,-370,-356,-357,-344,-346,-328,-331,-309,-312,-288,-290,-268,-269,-243,-245,-218,-220,-192,-193,-163,-164,-133,-136,-104,-104,-69,-70,-32,-32,3,3,37,38,71,72,97,100,122,123,152,153,176,178,193,194,216,217,240,242,256,259,273,274,289,291,297,300,301,303,305,307,312,316,319,323,327,329,333,335,338,340,339,342,337,339,337,339,338,341,338,340,340,342,341,344,343,346,353,356,361,365,361,365,363,366,368,372,381,384,393,397,404,406,419,422,433,437,449,452,476,480,497,501,508,513,526,530,548,552,566,571,579,584,592,596,612,617,641,646,674,680,701,706,726,732,745,751,763,768,777,783,784,790,787,793,796,803,813,819,821,828,829,836,836,843,833,840,828,834,820,826,805,812,784,791,760,766,734,740,708,713,670,676,624,629,587,592,540,545,491,495,446,449,394,396,338,340,285,287,231,232,179,181,132,134,85,86,40,40,0,0,-34,-34,-67,-67,-97,-98,-117,-119,-137,-138,-152,-154,-163,-164,-177,-178,-190,-192,-197,-198,-200,};
uint16_t red2[425]={0,0,0,0,0,0,0,-1,0,0,-1,-1,0,0,1,0,0,0,-1,0,0,0,0,1,0,0,0,-1,0,1,0,-1,1,0,0,0,0,0,0,0,1,0,1,0,0,0,1,0,0,0,0,-1,0,0,0,0,0,0,0,0,0,0,0,0,0,0,-1,0,0,0,0,0,0,0,0,0,0,-1,0,1,0,1,1,0,0,0,0,0,0,1,0,0,-1,1,0,1,0,-1,0,0,0,-1,0,0,0,0,0,1,0,0,0,0,-1,0,0,0,0,0,0,0,1,0,0,0,0,-1,0,-1,0,0,0,0,0,0,0,-1,-1,0,0,0,1,0,0,0,0,1,1,0,1,1,0,-1,-1,0,0,0,1,0,0,0,-1,0,0,0,1,0,0,0,0,1,1,1,0,0,-1,-1,1,0,1,0,0,-1,0,0,0,1,0,0,0,0,0,1,0,0,0,0,0,0,0,-1,-1,0,0,-1,0,0,0,0,0,0,0,0,0,0,0,0,0,0,0,0,-1,0,0,-1,-1,-1,0,0,0,0,0,0,0,0,-1,0,0,1,0,0,0,0,0,0,0,0,0,0,-1,0,0,0,0,-1,0,0,0,1,0,0,0,0,0,0,0,0,-1,0,0,0,0,0,0,0,0,0,0,0,0,0,0,-1,0,1,0,1,-1,-1,0,0,0,0,1,0,0,0,0,0,1,0,0,0,0,0,0,-1,0,-1,0,0,0,0,0,1,1,0,0,0,0,0,0,0,0,1,-1,1,1,0,0,0,-1,0,0,0,0,0,0,0,0,0,0,0,0,1,0,0,0,0,0,0,0,0,1,1,0,0,0,0,-1,0,0,-1,0,0,-1,0,0,1,0,-1,1,0,0,0,0,0,0,0,0,0,0,0,-1,-1,0,0,0,0,0,0,0,1,0,0,-1,0,0,1,0,0,-1,0,0,0,0,0,0,0,0,0,0,0,0,0,0,0,0,0,0,0,0,0,0,0,-1,0,};
uint16_t sol2[337]={0,0,1,2,2,3,2,3,2,3,3,3,3,3,3,4,3,3,3,4,3,4,5,4,5,5,4,4,5,5,5,5,5,6,6,5,5,5,6,5,4,5,5,5,5,4,5,5,5,6,5,4,4,4,3,3,3,3,2,2,2,2,2,2,1,1,1,15,15,27,28,41,41,54,53,65,65,74,74,80,81,85,86,86,86,85,85,82,82,75,75,66,66,56,55,44,44,33,32,18,18,4,4,-10,-9,-24,-24,-40,-40,-58,-57,-73,-74,-94,-94,-118,-118,-147,-148,-177,-179,-211,-213,-247,-250,-286,-289,-325,-327,-365,-369,-395,-397,-422,-424,-446,-449,-465,-468,-480,-484,-493,-497,-507,-511,-521,-524,-532,-536,-541,-545,-548,-551,-552,-556,-554,-558,-554,-558,-554,-559,-553,-558,-552,-556,-552,-556,-552,-557,-553,-558,-555,-559,-554,-558,-552,-556,-552,-555,-548,-552,-544,-549,-543,-546,-540,-545,-536,-540,-533,-537,-528,-532,-520,-525,-508,-512,-493,-497,-477,-481,-461,-465,-444,-446,-422,-425,-401,-404,-382,-386,-362,-365,-340,-343,-318,-321,-295,-297,-270,-273,-244,-247,-217,-219,-184,-186,-151,-152,-116,-117,-78,-79,-40,-40,-3,-3,34,34,71,72,111,112,147,149,184,185,221,223,255,256,285,289,315,318,344,347,373,377,401,404,429,432,455,459,481,486,506,510,530,534,550,555,571,574,586,591,596,601,604,608,610,615,613,617,608,615,602,607,594,599,585,589,577,581,566,571,558,562,549,553,540,545,529,534,519,523,506,510,492,496,480,484,466,470,453,457,438,442,422,425,402,405,382,385,362,366,342,344,319,321,297,299,272,275,246,249,215,};
uint16_t lad2[283]={0,0,0,0,1,1,1,1,1,2,1,3,3,3,3,2,1,2,2,2,3,4,4,4,4,5,5,4,4,3,4,5,4,5,5,3,3,4,3,4,5,5,4,4,4,4,4,4,3,2,3,2,2,1,1,1,2,2,2,2,3,3,3,3,3,4,3,8,8,11,12,14,14,15,15,15,15,16,16,15,15,15,16,14,14,13,13,12,12,9,10,5,5,0,0,-2,-1,-4,-4,-11,-12,-15,-16,-15,-15,-18,-19,-26,-26,-39,-39,-52,-52,-64,-64,-69,-69,-71,-72,-73,-74,-72,-73,-78,-78,-93,-93,-107,-109,-116,-118,-123,-125,-125,-126,-124,-126,-123,-124,-118,-120,-119,-120,-129,-130,-141,-141,-147,-148,-143,-145,-143,-145,-144,-145,-138,-139,-130,-130,-128,-129,-130,-132,-125,-126,-115,-116,-106,-108,-101,-101,-90,-89,-78,-79,-67,-68,-58,-58,-49,-50,-36,-36,-14,-14,3,3,12,12,16,17,28,30,41,42,46,46,46,47,54,55,70,72,84,84,91,92,97,98,107,108,115,116,122,123,127,127,135,136,151,152,162,163,166,167,172,174,180,182,178,178,171,172,173,174,178,180,182,183,185,187,186,188,185,186,182,184,173,175,157,158,144,145,148,149,151,151,142,144,136,138,128,129,116,116,95,96,68,68,51,52,48,48,45,45,41,42,32,32,13,12,-6,-8,-28,};
uint16_t re3[225]={0,0,2,2,1,3,3,3,3,3,3,2,3,3,3,4,4,4,3,3,3,4,4,4,4,5,4,4,4,5,5,4,5,5,5,5,5,6,6,5,5,6,6,6,6,5,4,5,5,6,5,4,5,3,3,3,3,3,3,2,3,2,2,2,2,1,1,8,8,11,11,13,13,14,14,13,14,14,13,10,11,7,7,5,5,1,2,-3,-2,-8,-8,-16,-16,-25,-24,-34,-35,-42,-43,-51,-52,-62,-63,-72,-71,-83,-84,-93,-93,-98,-99,-104,-104,-107,-108,-111,-113,-116,-117,-121,-122,-126,-126,-123,-124,-113,-114,-101,-102,-89,-90,-72,-72,-54,-55,-34,-33,-12,-12,10,10,33,33,52,54,72,72,88,88,104,105,117,118,128,130,132,132,132,134,133,134,139,140,140,141,137,139,140,142,137,138,134,134,135,136,138,139,138,139,141,142,144,145,144,145,145,146,147,149,155,156,158,158,157,158,157,159,151,152,136,138,123,125,106,107,87,88,66,66,38,39,7,7,-26,-26,-52,-53,-85,-85,-118,-119,-154,-155,-187,-189,-224,};
uint16_t red3[212]={0,0,0,1,1,2,1,1,0,1,1,3,2,3,2,1,2,2,2,3,3,4,4,5,4,4,5,3,4,4,4,4,4,4,5,2,3,4,3,4,4,4,4,4,4,4,4,4,3,2,3,1,2,1,1,1,1,3,2,3,3,3,3,4,4,3,4,6,7,6,6,6,7,5,5,1,2,-2,-2,-6,-6,-11,-12,-19,-20,-28,-28,-37,-37,-45,-46,-54,-54,-62,-63,-70,-71,-77,-78,-82,-83,-86,-85,-86,-87,-87,-88,-88,-89,-89,-88,-83,-84,-77,-76,-65,-67,-58,-58,-50,-50,-40,-41,-27,-28,-13,-13,4,4,17,17,27,28,41,41,55,56,71,72,89,89,105,105,122,123,136,136,150,150,164,165,179,179,193,194,205,205,214,215,224,226,232,233,236,238,239,240,240,241,238,241,235,237,229,231,223,223,214,215,206,207,195,197,183,184,167,169,153,154,138,138,121,122,107,107,88,88,64,65,41,42,18,19,-4,-5,-27,-26,-51,-51,-72,-72,-93,-93,};
uint16_t sol3[168]={1,1,2,2,2,2,3,3,2,3,3,3,3,4,4,4,4,4,3,3,4,5,4,3,4,4,4,4,5,5,4,5,4,4,5,5,5,5,6,5,5,6,5,5,5,5,5,5,5,5,5,4,4,3,3,2,2,2,3,2,2,1,3,2,2,2,2,4,4,7,7,10,10,13,14,17,17,20,20,22,23,26,27,29,29,30,30,31,31,31,31,31,31,32,32,34,35,36,36,39,39,43,42,46,46,52,51,56,57,61,61,67,68,71,73,73,74,73,74,71,71,65,65,55,56,44,44,32,33,20,20,5,4,-10,-9,-23,-24,-38,-39,-50,-52,-61,-61,-73,-72,-83,-83,-89,-90,-95,-96,-101,-101,-104,-105,-110,-111,-114,-115,-120,-120,-125,-126,-129,-130,-137,-138,-146,-147,};
uint16_t lad3[141]={0,0,0,-1,-1,-2,-2,-2,-2,-1,-1,0,0,1,1,0,0,0,0,1,1,0,1,1,2,3,1,2,2,1,1,1,0,0,0,0,0,0,1,0,0,-1,0,-2,-1,-3,-2,-3,-2,-1,-2,-1,-1,-2,-2,-2,-1,-3,-3,-3,-3,-2,-3,-3,-2,-2,-2,1,1,5,4,7,7,9,8,9,9,10,9,10,10,11,10,9,9,8,7,7,8,5,5,1,1,-4,-3,-9,-8,-13,-13,-18,-19,-22,-23,-27,-27,-34,-35,-40,-40,-44,-45,-49,-48,-53,-54,-59,-60,-65,-65,-73,-74,-81,-82,-87,-87,-94,-94,-99,-100,-105,-106,-110,-110,-113,-114,-115,-117,-119,-120,-125,-125,-129,};
uint16_t fad1B[715]={-609,-609,-590,-594,-575,-578,-563,-569,-557,-561,-549,-554,-536,-541,-526,-530,-514,-519,-502,-506,-487,-492,-471,-475,-462,-467,-451,-454,-441,-444,-432,-436,-425,-428,-413,-416,-399,-403,-385,-387,-364,-368,-343,-346,-327,-331,-315,-318,-301,-304,-292,-294,-284,-286,-268,-272,-253,-255,-236,-238,-222,-225,-209,-210,-196,-198,-195,-196,-192,-193,-188,-190,-184,-185,-172,-174,-162,-163,-146,-147,-130,-130,-118,-119,-110,-112,-102,-104,-94,-95,-83,-84,-66,-67,-49,-50,-39,-39,-25,-26,-12,-12,-10,-10,-5,-6,1,0,3,3,-3,-3,-7,-7,-4,-4,-3,-4,-10,-10,-14,-14,-25,-25,-51,-52,-77,-77,-101,-103,-126,-128,-151,-153,-171,-173,-195,-196,-227,-227,-256,-259,-289,-291,-321,-325,-355,-357,-384,-386,-408,-412,-428,-431,-440,-442,-455,-459,-470,-474,-482,-486,-497,-501,-517,-521,-533,-537,-541,-546,-552,-555,-557,-559,-556,-560,-558,-563,-563,-568,-568,-572,-577,-581,-582,-588,-585,-590,-585,-589,-578,-583,-575,-579,-574,-579,-574,-578,-575,-579,-573,-577,-559,-563,-542,-547,-522,-527,-499,-502,-468,-471,-436,-440,-407,-411,-377,-379,-347,-349,-318,-321,-283,-285,-246,-247,-204,-206,-159,-160,-114,-115,-72,-73,-35,-35,0,0,29,30,55,56,81,80,104,105,126,128,153,154,177,178,199,201,222,224,247,248,266,269,288,290,312,315,342,345,375,378,410,414,447,451,481,486,516,520,557,562,597,603,639,644,679,684,717,723,750,757,781,787,811,817,841,847,864,871,878,886,890,898,903,910,911,918,917,925,920,927,912,920,896,903,873,880,848,855,820,827,793,800,763,769,733,739,704,709,672,677,640,644,607,611,572,577,537,541,504,509,475,479,449,453,424,427,405,408,391,394,374,377,362,364,351,353,338,340,329,332,320,322,315,316,304,306,292,294,278,280,261,262,246,247,230,232,217,219,200,201,172,173,145,146,119,120,88,89,56,57,24,24,-7,-8,-41,-40,-71,-72,-98,-99,-127,-128,-160,-162,-191,-193,-225,-227,-262,-264,-305,-307,-349,-351,-388,-391,-433,-437,-475,-479,-515,-517,-554,-558,-594,-600,-633,-639,-669,-675,-706,-712,-741,-747,-767,-773,-787,-794,-807,-814,-825,-831,-837,-844,-846,-853,-852,-858,-852,-859,-842,-849,-823,-831,-799,-805,-766,-773,-734,-741,-702,-707,-666,-671,-633,-638,-597,-601,-559,-564,-522,-526,-488,-491,-458,-461,-433,-436,-404,-408,-375,-378,-352,-355,-338,-340,-325,-327,-313,-316,-300,-303,-290,-292,-279,-282,-268,-271,-260,-262,-254,-256,-249,-252,-240,-241,-226,-228,-212,-214,-197,-199,-181,-183,-163,-165,-149,-149,-128,-129,-102,-102,-80,-81,-54,-54,-27,-28,-1,-1,27,27,59,60,91,91,117,119,144,145,171,172,196,198,227,228,259,261,290,292,321,323,354,358,390,393,428,430,461,465,496,501,535,538,569,573,600,604,629,634,658,663,687,692,708,714,728,735,744,751,755,761,761,768,763,770,762,768,756,762,746,752,730,735,712,717,693,698,665,670,631,636,598,601,560,565,520,525,480,484,434,437,386,389,336,338,284,287,236,237,188,189,142,142,103,104,66,66,25,26,-10,-10,-38,-38,-60,-61,-83,-84,-103,-104,-118,-119,-128,-128,-136,-138,-142,-143,-142,-143,-138,-139,-134,-135,-136,-137,-127,-128,-118,-118,-113,-114,-107,-108,-99,-100,-88,-89,-85,-85,-80,-80,-70,-70,-66,-66,-65,-66,-63,-63,-60,-60,-60,-61,-58,-58,-62,-62,-65,-66,-67,-69,-74,-75,-77,-78,-84,-85,-90,-91,-95,-96,-100,-101,-106,-106,-110,-111,-114,-116,-117,-118,-126,-128,-128,-128,-122,-124,};
uint16_t la1B[601]={365,365,345,347,320,322,291,294,260,261,224,226,189,191,155,157,120,120,83,83,47,48,10,10,-21,-22,-44,-44,-61,-62,-74,-74,-76,-77,-76,-76,-79,-79,-86,-86,-94,-95,-106,-106,-115,-116,-125,-125,-145,-146,-167,-168,-179,-180,-186,-188,-184,-187,-179,-180,-176,-178,-168,-170,-157,-158,-147,-147,-137,-138,-132,-133,-128,-130,-134,-135,-139,-141,-148,-149,-162,-163,-179,-180,-188,-189,-194,-195,-205,-207,-212,-215,-219,-220,-225,-227,-234,-237,-252,-254,-266,-267,-271,-273,-282,-284,-297,-299,-315,-317,-339,-343,-365,-368,-394,-397,-426,-429,-458,-461,-498,-502,-529,-533,-554,-558,-584,-589,-608,-612,-630,-634,-648,-653,-654,-660,-672,-678,-695,-700,-715,-720,-739,-745,-768,-774,-796,-803,-820,-827,-845,-852,-865,-873,-888,-895,-908,-916,-928,-935,-949,-957,-962,-969,-972,-980,-979,-987,-976,-984,-962,-971,-935,-943,-894,-900,-836,-842,-751,-757,-641,-646,-517,-521,-384,-387,-254,-256,-127,-127,-2,-1,109,111,208,210,294,296,366,368,426,431,483,487,532,536,580,584,620,625,653,659,684,690,707,713,721,727,715,720,689,695,650,654,591,595,519,522,437,441,336,339,227,230,120,121,13,14,-88,-90,-189,-192,-280,-283,-360,-364,-426,-429,-473,-476,-501,-505,-508,-512,-493,-497,-467,-470,-428,-431,-372,-376,-309,-311,-235,-238,-157,-158,-78,-79,3,3,87,88,174,175,263,265,347,350,432,435,510,514,583,588,655,660,721,727,782,789,837,843,879,886,915,922,942,949,961,968,970,979,962,971,940,947,909,916,869,875,827,834,781,787,728,734,677,682,619,624,555,559,493,497,432,436,369,371,310,311,252,254,197,199,135,137,77,77,27,27,-17,-18,-60,-59,-93,-94,-116,-116,-128,-129,-132,-134,-125,-126,-108,-109,-83,-84,-52,-51,-9,-8,49,50,114,115,185,186,255,257,319,322,376,380,425,428,462,466,482,487,490,494,490,493,484,488,479,482,478,482,481,484,488,492,505,508,524,529,538,543,540,544,534,539,522,525,495,499,458,463,419,421,373,375,322,323,264,266,195,196,119,120,46,46,-25,-25,-86,-87,-133,-136,-172,-174,-206,-208,-231,-233,-249,-251,-262,-264,-276,-279,-289,-292,-313,-315,-339,-341,-355,-358,-370,-373,-380,-383,-385,-388,-386,-390,-383,-385,-373,-376,-364,-366,-358,-360,-347,-351,-333,-336,-328,-330,-325,-327,-322,-323,-313,-316,-304,-307,-286,-288,-261,-262,-240,-242,-221,-224,-205,-207,-196,-197,-191,-194,-198,-199,-208,-210,-222,-224,-241,-242,-266,-267,-290,-293,-321,-324,-351,-354,-383,-387,-420,-424,-454,-457,-491,-495,-531,-536,-568,-572,-607,-612,-644,-650,-680,-685,-719,-723,-757,-763,-794,-800,-831,-838,-872,-879,-915,-923,-962,-969,-1011,-1019,-1054,-1062,-1091,-1102,-1126,-1136,-1165,-1173,-1194,-1203,-1220,-1229,-1256,-1267,-1285,-1296,-1308,-1320,-1328,-1338,-1344,-1354,-1350,-1361,-1342,-1353,-1323,-1333,-1287,-1298,-1222,-1232,-1124,-1134,-988,-996,-806,-812,-605,-610,-406,-408,-210,-212,-23,-22,155,156,321,325,473,477,595,600,689,695,};
uint16_t do2B[505]={-1,-1,0,0,1,0,1,0,-1,1,0,0,0,0,0,0,0,0,-1,0,1,-1,0,-1,0,0,0,0,0,0,0,0,0,0,0,0,-1,0,0,1,0,0,0,0,0,0,1,0,1,0,0,0,0,0,0,-1,0,0,0,1,0,0,0,0,0,0,0,0,0,0,0,0,1,0,0,0,0,0,-1,0,0,-1,0,0,0,0,0,1,0,-1,-1,-1,1,-1,0,1,0,0,0,0,0,0,-1,-1,0,0,0,-1,0,0,0,0,0,-1,1,0,0,0,1,0,0,-1,0,0,1,0,0,1,1,0,0,0,0,0,0,0,0,0,0,0,1,0,0,0,0,-1,0,0,0,-1,0,0,1,1,0,1,0,0,0,0,0,0,0,0,0,0,0,1,0,1,1,-1,1,0,-1,0,0,0,-1,0,0,-1,0,0,0,0,0,-1,-1,-1,-1,0,0,0,-1,0,-1,0,1,0,0,0,-1,0,0,0,0,0,0,0,0,0,-1,1,0,0,0,0,1,0,0,0,0,0,0,0,-1,0,0,0,0,0,0,0,0,0,0,0,1,0,0,0,1,0,0,0,0,0,-1,-1,0,1,-1,0,0,0,-1,0,0,0,0,-1,1,0,0,-1,0,0,0,1,-1,0,0,0,-1,1,0,0,0,0,0,-1,-1,0,0,0,0,0,0,0,0,0,-1,0,0,0,0,0,0,0,0,0,0,0,0,0,0,0,0,-1,0,0,0,-1,0,0,0,0,0,0,0,0,0,0,-1,0,-1,0,0,0,1,0,0,0,0,0,0,0,0,0,0,0,0,0,1,0,1,0,1,0,0,0,0,0,0,1,0,-1,-1,1,0,0,0,-1,0,0,0,0,0,0,0,1,0,0,0,1,0,0,0,0,0,1,0,0,1,0,0,-1,0,0,0,0,0,0,1,0,0,0,0,0,0,-1,1,0,0,0,0,0,0,0,1,0,0,-1,0,0,-1,0,0,0,0,1,-1,0,0,1,0,0,0,-1,0,0,-1,1,0,0,0,0,0,0,1,0,0,1,-1,0,0,-1,0,0,0,0,0,0,0,0,0,0,0,0,0,1,0,1,1,0,1,0,0,0,-1,0,0,0,0,0,-1,0,0,0,1,0,0,0,1,0,-1,0,0,0,0,0,0,0,0,0,-1,0,0,1,0,0,-1,0,0,0,};
uint16_t mi2B[401]={0,0,0,0,0,0,0,0,0,-1,0,0,0,0,0,0,0,0,1,0,0,0,0,0,0,1,0,0,1,1,0,0,-1,0,1,-1,1,0,0,1,0,0,0,1,0,0,0,0,1,0,0,0,0,0,0,-1,0,0,-1,1,1,0,0,0,-1,0,0,-1,0,0,0,0,0,0,0,1,-1,0,0,0,0,0,0,0,0,-1,-1,0,1,0,0,0,0,0,0,0,0,0,0,1,0,0,0,0,0,0,0,0,-1,0,0,0,0,0,0,-1,0,0,0,0,0,0,0,-1,0,0,0,0,-1,1,-1,0,0,0,0,0,1,0,0,1,-1,0,0,0,0,-1,0,0,0,1,0,0,0,0,0,0,0,1,0,0,0,0,0,1,0,1,0,-1,0,1,0,1,-1,1,0,1,0,0,0,0,0,0,0,0,0,0,0,0,0,1,0,0,0,0,0,1,-1,1,0,0,0,0,0,0,0,0,0,0,-1,0,0,0,0,0,0,0,0,0,0,1,0,0,0,0,0,0,1,0,0,1,1,0,0,-1,0,-1,0,0,0,0,0,0,0,0,0,0,0,0,0,0,0,0,0,0,0,-1,0,0,0,1,0,0,0,0,0,0,1,-1,0,0,0,0,1,0,0,0,0,-1,0,0,-1,0,0,0,0,1,1,0,0,0,0,0,0,1,0,-1,0,0,0,0,1,0,0,0,0,0,0,0,0,0,0,-1,0,0,0,0,0,1,-1,0,0,-1,0,0,1,1,1,0,1,0,-1,0,0,0,0,0,1,1,0,0,0,1,0,1,0,0,1,0,0,-1,0,1,1,0,0,-1,1,0,-1,0,0,-1,0,1,1,0,0,0,-1,0,0,0,0,-1,1,0,1,-1,0,-1,1,0,0,0,0,1,-1,0,0,-1,0,0,0,1,0,0,0,1,0,0,0,0,};
uint16_t fad2B[357]={70,70,71,72,69,69,64,64,59,60,53,54,42,43,34,34,27,28,16,16,1,2,-13,-13,-28,-28,-42,-43,-60,-59,-78,-78,-95,-94,-110,-110,-125,-126,-142,-144,-160,-161,-175,-177,-190,-192,-206,-207,-222,-224,-238,-241,-251,-254,-262,-264,-270,-272,-278,-280,-286,-288,-296,-298,-304,-308,-313,-316,-318,-322,-324,-327,-327,-329,-330,-333,-335,-337,-336,-338,-335,-337,-332,-335,-330,-332,-331,-333,-330,-334,-328,-330,-326,-328,-320,-323,-314,-318,-312,-314,-306,-308,-300,-303,-296,-298,-293,-294,-289,-290,-282,-285,-276,-280,-266,-268,-253,-255,-236,-239,-225,-226,-210,-212,-192,-193,-175,-175,-159,-160,-138,-139,-119,-120,-102,-104,-83,-84,-64,-64,-45,-46,-27,-26,-6,-7,8,10,22,22,37,38,52,54,70,71,90,91,106,108,126,127,147,148,166,167,182,183,201,203,221,223,236,238,250,252,268,270,290,293,312,315,326,330,337,340,351,354,358,360,362,365,366,369,368,371,370,373,372,374,373,376,374,376,374,377,371,375,368,370,365,367,357,360,348,351,348,350,347,350,343,347,343,346,342,345,341,343,338,341,337,340,334,338,330,333,324,325,319,322,314,316,305,307,294,296,284,286,275,278,263,266,254,255,247,249,231,233,214,216,202,203,184,186,169,170,158,159,155,156,152,153,148,149,142,143,135,136,125,125,114,115,100,101,90,90,84,84,81,82,82,83,84,86,85,86,81,81,72,74,62,64,50,50,37,38,27,26,16,17,11,12,13,13,13,13,3,4,-5,-5,-12,-12,-24,-24,-40,-41,-56,-57,-69,-70,-79,-80,-91,-91,-100,-101,-109,-109,-115,-116,-127,-127,-134,-135,-143,-145,-159,-160,-174,-175,-190,-190,-204,-206,-215,-216,-220,-220,};
uint16_t do3B[252]={-312,-312,-314,-379,-382,-449,-452,-523,-528,-622,-628,-750,-755,-854,-862,-923,-930,-974,-982,-1023,-1031,-1073,-1082,-1130,-1139,-1195,-1204,-1263,-1273,-1306,-1316,-1309,-1319,-1311,-1322,-1351,-1362,-1409,-1420,-1436,-1447,-1410,-1422,-1350,-1360,-1285,-1295,-1214,-1224,-1127,-1135,-1036,-1045,-970,-977,-922,-929,-872,-878,-800,-807,-723,-729,-652,-657,-585,-590,-501,-505,-403,-406,-328,-330,-266,-267,-196,-198,-146,-148,-111,-112,-63,-62,5,5,90,91,206,206,348,350,505,509,655,662,769,776,847,853,917,924,979,988,1004,1013,999,1007,970,978,925,932,876,883,827,834,795,801,794,800,799,805,774,780,704,709,612,618,555,560,547,551,553,559,551,554,529,534,493,496,441,444,371,374,287,289,220,221,200,202,214,217,212,214,193,194,163,164,117,119,80,81,63,62,59,59,52,53,21,22,-30,-31,-88,-88,-144,-145,-184,-185,-210,-211,-248,-250,-293,-295,-340,-344,-382,-385,-408,-411,-439,-442,-490,-494,-538,-543,-584,-590,-641,-646,-682,-688,-710,-716,-750,-756,-823,-829,-908,-914,-977,-985,-1010,-1018,-1005,-1013,-965,-973,-887,-894,-791,-797,-718,-723,-671,-677,-630,-635,-586,-590,-528,-532,-467,-471,-402,-406,-313,-316,-205,-206,-108,-109,-52,-52,-36,-35,-22,-23,31,30,133,134,259,261,};
uint16_t mi3B[200]={-401,-401,-405,-386,-390,-364,-367,-339,-342,-324,-325,-314,-316,-307,-309,-302,-304,-288,-290,-266,-268,-249,-252,-235,-237,-218,-220,-206,-207,-193,-193,-172,-173,-154,-155,-142,-142,-126,-128,-115,-116,-101,-103,-82,-81,-63,-64,-43,-43,-25,-26,-13,-13,-5,-6,0,0,6,6,12,12,18,18,26,27,39,40,54,55,63,64,69,70,70,70,69,70,75,76,79,80,80,80,84,84,91,91,99,100,109,110,121,121,135,137,154,155,173,174,190,192,211,213,239,240,265,267,289,292,317,319,344,346,363,367,380,383,395,397,406,409,421,425,437,442,449,453,458,463,468,471,474,477,476,478,472,476,470,474,467,471,459,463,454,458,451,455,447,451,440,442,428,432,412,415,393,396,372,375,351,354,330,332,310,312,283,285,252,255,227,229,199,201,166,167,137,138,109,110,82,83,55,55,25,25,-4,-4,-32,-32,-62,-61,-92,-92,-120,-121,-140,-141,-158,-160,-181,-182,};
uint16_t fad3B[178]={-201,-201,-202,-219,-220,-237,-240,-255,-256,-269,-270,-278,-280,-284,-286,-289,-291,-294,-294,-293,-295,-290,-292,-288,-291,-286,-290,-282,-284,-273,-275,-264,-266,-251,-252,-236,-239,-224,-225,-205,-207,-185,-187,-167,-169,-147,-148,-128,-128,-107,-109,-85,-85,-63,-63,-40,-40,-19,-20,0,1,22,22,45,45,66,66,84,86,101,102,119,120,135,135,146,146,153,155,161,163,169,171,170,171,175,176,178,180,179,180,178,179,182,184,184,186,182,182,178,180,175,176,171,173,161,161,152,154,145,147,132,134,120,120,105,107,88,89,74,75,60,61,47,47,36,37,26,28,19,18,8,7,1,1,-2,-1,0,0,1,1,6,6,14,13,23,22,31,30,37,38,48,48,52,53,55,56,66,66,77,78,84,86,95,97,108,108,116,118,127,128,137,139,149,150,153,155,166,167,};
uint16_t do4B[126]={-399,-399,-402,-412,-415,-409,-412,-401,-404,-390,-394,-379,-381,-366,-369,-352,-356,-335,-338,-312,-313,-284,-287,-256,-259,-226,-229,-193,-194,-154,-155,-119,-120,-86,-86,-53,-54,-20,-21,14,15,46,46,78,79,106,108,132,134,153,154,170,171,186,188,200,201,215,217,226,229,237,238,248,249,255,259,263,265,271,273,273,276,272,274,274,276,274,277,271,274,268,270,269,271,273,274,276,280,281,284,286,287,284,287,283,286,282,285,281,282,275,279,272,274,269,271,262,264,256,258,245,247,231,233,216,219,199,199,178,180,161,163,145,145,127,127,};
uint16_t lad1B[565]={-149,-149,-151,-153,-155,-156,-160,-161,-162,-164,-163,-163,-164,-164,-162,-163,-160,-161,-162,-163,-161,-162,-155,-157,-155,-157,-158,-161,-161,-162,-161,-163,-155,-156,-151,-152,-150,-152,-151,-153,-154,-155,-156,-158,-156,-157,-148,-150,-140,-141,-137,-138,-137,-138,-141,-142,-145,-147,-144,-145,-143,-145,-143,-144,-140,-142,-138,-139,-140,-142,-145,-145,-151,-153,-155,-157,-160,-162,-162,-164,-160,-162,-161,-161,-157,-158,-149,-151,-139,-141,-135,-136,-138,-138,-138,-139,-139,-140,-146,-148,-151,-152,-152,-154,-156,-158,-164,-165,-170,-171,-171,-172,-170,-171,-174,-174,-183,-184,-194,-196,-202,-203,-204,-205,-205,-207,-204,-205,-201,-202,-200,-202,-201,-203,-198,-200,-197,-199,-201,-201,-205,-205,-206,-208,-208,-210,-210,-211,-214,-217,-221,-223,-226,-228,-229,-231,-231,-233,-229,-230,-227,-229,-226,-227,-219,-221,-216,-219,-219,-220,-223,-226,-225,-227,-223,-225,-215,-217,-203,-205,-188,-189,-168,-169,-146,-148,-125,-126,-99,-99,-73,-74,-42,-42,-14,-14,6,5,20,21,37,37,48,48,54,53,58,59,59,59,51,52,40,40,29,29,21,22,20,21,15,15,11,11,7,8,3,4,-2,-1,-4,-4,-10,-10,-20,-21,-31,-31,-41,-40,-49,-49,-58,-59,-63,-64,-68,-69,-72,-74,-84,-85,-98,-100,-110,-111,-119,-118,-129,-130,-140,-141,-147,-148,-150,-151,-146,-147,-140,-141,-133,-134,-119,-120,-100,-101,-80,-80,-56,-56,-31,-31,-5,-4,29,29,71,71,112,114,161,162,212,214,255,257,290,292,319,322,348,350,376,379,398,401,407,410,411,414,427,429,449,452,465,468,475,479,476,481,467,470,455,458,445,448,431,435,416,418,400,404,378,381,348,350,321,323,298,300,276,277,250,252,222,223,193,195,169,171,146,148,123,123,97,97,73,72,54,53,36,37,20,20,4,5,-5,-5,-16,-17,-35,-35,-48,-48,-50,-51,-46,-47,-42,-43,-36,-36,-29,-29,-24,-25,-18,-17,-6,-7,9,9,27,27,49,49,71,72,92,93,112,113,129,130,151,152,171,173,187,189,199,201,206,207,210,212,209,210,206,207,196,197,186,188,177,178,167,168,154,155,137,137,112,113,86,86,58,59,31,32,7,7,-15,-16,-35,-36,-53,-54,-69,-69,-86,-86,-105,-105,-121,-122,-136,-138,-148,-150,-157,-157,-162,-163,-162,-164,-159,-160,-150,-151,-142,-143,-128,-129,-113,-114,-102,-102,-93,-93,-80,-82,-62,-63,-37,-37,-11,-11,23,22,59,60,97,98,141,142,183,184,223,224,256,258,285,287,306,308,318,321,330,332,337,340,344,346,347,351,351,354,355,357,356,359,357,359,359,362,367,370,376,379,384,387,397,400,409,412,414,417,420,423,421,425,414,418,404,407,389,391,372,376,352,355,333,335,311,315,291,294,270,273,252,254,234,237,222,224,};
uint16_t si1B[535]={0,0,0,0,1,0,1,0,0,0,0,0,0,0,0,0,0,0,0,-1,0,-1,0,0,0,1,-1,0,1,0,0,0,0,0,-1,0,1,1,-1,0,0,0,0,0,0,0,-1,0,0,0,0,1,0,0,1,0,0,0,1,0,0,0,0,0,0,0,0,1,0,-1,0,0,0,0,0,0,0,0,0,0,0,0,0,0,0,0,0,1,0,0,-1,0,0,0,1,0,0,-1,0,0,0,0,0,0,1,0,0,0,0,0,0,0,-1,0,0,-1,0,0,0,0,0,-1,0,0,1,0,0,0,0,0,0,0,0,-1,1,-1,0,0,0,0,0,0,0,1,0,0,-1,0,0,0,0,0,0,0,1,0,0,0,-1,0,0,0,0,-1,0,0,0,0,0,1,0,-1,0,0,0,0,0,0,0,0,0,0,0,-1,1,0,0,0,-1,0,0,0,1,1,0,0,0,0,0,0,1,0,0,0,0,0,0,0,0,1,0,0,0,1,0,-1,0,0,-1,0,0,0,0,-1,0,0,0,0,0,0,0,1,0,1,1,0,1,0,-1,0,0,0,0,0,0,0,0,0,-1,1,0,0,0,0,-1,0,-1,0,-1,-1,0,0,1,1,0,0,0,0,0,0,0,0,1,0,0,0,0,0,0,0,0,1,0,0,0,0,0,0,0,0,0,1,1,0,0,0,0,0,-1,0,0,-1,0,0,0,0,0,-1,1,0,0,0,0,0,0,0,0,0,0,0,-1,0,0,0,0,0,1,1,0,0,0,1,0,0,0,0,0,-1,0,0,0,-1,1,0,0,0,1,0,-1,0,0,0,0,1,0,0,0,0,0,0,0,0,1,0,0,1,1,0,0,0,0,0,-1,-1,0,0,0,0,0,0,0,0,1,0,0,1,0,0,0,0,0,1,0,0,0,1,0,0,0,0,0,0,0,0,1,-1,1,-1,-1,-1,0,0,1,0,0,0,0,0,1,0,1,-1,0,0,-1,0,0,0,0,0,0,0,1,0,1,0,0,0,0,0,-1,0,0,0,-1,1,0,1,-1,0,0,0,0,0,0,-1,0,0,0,0,0,0,0,0,0,1,0,0,0,0,0,0,0,0,0,0,-1,1,0,0,0,0,0,0,0,0,0,0,-1,0,1,-1,0,0,0,0,0,1,0,0,0,0,0,0,0,0,0,0,0,1,0,0,1,0,0,1,0,0,0,0,0,0,0,0,0,-1,1,0,0,0,-1,0,0,0,0,-1,};
uint16_t re2B[450]={-1,-1,0,0,0,-1,0,-1,0,0,-1,0,0,0,0,0,0,0,0,-1,0,-1,0,0,-1,0,-1,0,0,0,-1,0,0,1,0,0,1,-1,0,0,0,0,0,0,-1,0,0,0,0,0,1,-1,0,1,0,0,0,0,0,-1,-1,0,0,0,-1,-1,0,0,0,0,-1,1,0,0,0,-1,0,0,0,0,0,0,0,-1,0,1,1,-1,-1,-1,1,0,0,-1,0,0,0,0,0,0,0,1,0,0,0,1,0,0,0,0,0,0,0,0,-1,0,0,0,1,0,0,0,0,0,0,1,1,0,0,0,1,0,1,0,-1,0,0,-1,0,-1,0,-1,0,0,1,0,0,0,0,0,0,0,0,0,0,0,0,0,0,0,0,-1,0,0,0,0,0,0,0,0,0,1,0,1,0,0,0,0,0,0,0,1,0,0,0,0,0,-1,-1,0,0,0,0,0,0,0,-1,0,0,-1,0,0,1,0,-1,0,1,0,0,0,0,0,-1,0,0,-1,0,-1,-1,0,0,0,0,0,0,0,-1,0,0,0,0,0,-1,0,-1,1,1,0,0,0,0,-1,0,0,0,0,-1,0,0,0,0,-1,-1,1,0,0,0,0,0,0,1,1,0,1,0,0,0,0,0,-1,0,0,0,1,1,0,0,0,0,0,0,0,0,0,-1,0,0,0,0,0,0,-1,0,0,0,0,0,-1,0,0,0,0,0,0,1,0,1,0,0,0,0,0,0,0,0,0,0,1,1,1,0,0,1,0,1,0,0,1,0,0,0,0,0,0,1,0,0,0,0,0,0,0,0,0,0,0,-1,1,0,1,0,0,1,0,1,0,0,0,0,1,-1,0,0,0,0,0,0,0,0,0,0,0,0,0,-1,0,0,0,1,0,-1,0,0,0,0,-1,0,-1,0,0,0,1,0,0,0,0,0,0,1,-1,0,-1,0,0,0,0,1,0,0,1,0,0,0,-1,0,0,-1,0,0,0,0,1,1,0,0,0,0,0,0,-1,-1,0,0,-1,0,0,0,0,-1,1,0,1,0,0,-1,0,0,0,0,0,1,};
uint16_t fa2B[378]={0,0,0,0,0,0,0,0,1,0,0,1,-1,-1,0,0,-1,0,0,0,0,-1,0,0,0,0,0,0,0,0,-1,-1,1,0,0,-1,0,0,0,0,1,1,0,0,1,0,1,0,-1,-1,0,0,0,0,0,-1,0,0,0,0,0,0,0,0,1,0,0,1,0,0,0,0,0,0,0,0,-1,0,0,0,1,0,0,0,1,0,0,-1,0,0,0,0,0,0,0,0,1,0,1,0,0,0,0,-1,-1,0,0,0,1,-1,0,1,0,0,0,0,0,0,0,0,-1,1,0,0,0,0,0,0,1,0,0,0,0,1,1,0,0,0,0,0,0,1,0,1,1,0,0,0,0,-1,1,0,0,-1,1,0,0,0,0,0,0,-1,0,1,0,0,0,-1,0,-1,0,0,0,0,-1,0,0,0,0,-1,0,0,0,-1,0,0,0,0,1,1,0,0,0,1,0,0,0,0,0,0,0,-1,0,1,0,0,0,0,0,0,0,0,0,0,1,0,1,0,-1,0,0,-1,0,0,-1,-1,1,0,1,0,0,0,0,0,0,-1,1,0,0,0,0,0,0,0,0,1,0,0,0,0,1,0,0,-1,0,0,0,0,0,1,0,-1,0,1,0,0,0,0,0,0,-1,0,0,0,1,-1,0,0,1,0,1,-1,0,-1,0,-1,-1,0,-1,0,0,1,0,0,0,1,0,0,0,0,0,0,0,0,-1,-1,0,0,0,0,0,0,0,1,0,0,1,0,-1,0,0,0,0,1,0,-1,0,0,1,0,-1,0,0,0,0,0,0,0,1,-1,0,-1,0,0,0,-1,0,0,1,0,0,-1,-1,0,0,0,-1,0,0,1,0,1,0,0,0,0,0,0,0,0,0,0,0,0,-1,0,1,0,0,};
uint16_t la2B[300]={-147,-147,-148,-153,-154,-162,-164,-169,-171,-176,-176,-182,-183,-186,-186,-192,-193,-207,-208,-220,-222,-228,-230,-236,-237,-237,-238,-238,-240,-245,-246,-245,-246,-244,-246,-252,-254,-257,-259,-256,-258,-257,-260,-255,-257,-254,-256,-256,-259,-254,-256,-255,-257,-259,-262,-258,-259,-254,-256,-250,-252,-250,-253,-250,-252,-247,-250,-245,-247,-243,-246,-239,-241,-228,-229,-209,-209,-191,-192,-175,-176,-164,-165,-149,-151,-129,-130,-114,-114,-95,-96,-79,-80,-63,-64,-46,-46,-33,-33,-17,-17,5,5,24,24,36,36,48,50,63,63,78,79,95,96,106,108,117,118,127,128,135,135,142,144,149,150,150,152,153,155,155,157,154,154,152,153,155,156,158,159,166,167,174,175,179,181,186,188,194,196,205,206,216,217,230,232,242,245,246,247,256,259,268,270,276,278,295,297,300,302,304,306,319,321,319,322,318,320,321,325,320,322,321,324,325,326,322,324,329,331,332,334,321,325,318,320,310,313,299,301,293,296,286,288,275,277,263,265,254,257,241,244,229,231,221,224,212,214,207,208,195,196,174,176,155,156,132,133,107,109,90,90,76,77,58,59,40,41,19,21,-6,-6,-29,-29,-54,-55,-86,-86,-114,-115,-141,-141,-166,-166,-191,-192,-216,-218,-237,-240,-264,-266,-286,-288,-304,-307,-321,-325,-333,-336,-343,-346,-346,-349,-342,-346,-341,-344,-338,-341,-334,-337,-331,-333,-318,-321,-296,-298,-274,-276,-249,-251,-222,-225,-196,-198,-170,-173,-148,-150,};
uint16_t si2B[267]={-7,-7,-9,-9,-18,-17,-40,-40,-82,-82,-130,-131,-176,-177,-219,-221,-263,-265,-307,-310,-348,-351,-385,-388,-416,-418,-431,-435,-435,-438,-430,-433,-429,-431,-423,-425,-403,-406,-387,-389,-373,-375,-359,-362,-354,-356,-346,-348,-341,-343,-333,-334,-309,-312,-278,-280,-254,-255,-232,-233,-196,-197,-158,-159,-130,-130,-106,-107,-87,-88,-66,-67,-56,-58,-57,-57,-47,-49,-39,-39,-45,-46,-65,-65,-76,-76,-70,-70,-56,-56,-52,-53,-58,-58,-61,-61,-68,-69,-77,-78,-79,-79,-75,-74,-55,-56,-41,-42,-33,-33,-24,-24,-18,-19,-14,-16,-13,-13,-15,-15,-16,-16,-21,-22,-34,-34,-45,-45,-54,-55,-74,-74,-94,-96,-118,-119,-141,-142,-166,-166,-187,-188,-206,-207,-220,-223,-225,-226,-227,-228,-230,-232,-230,-231,-226,-227,-221,-223,-214,-217,-207,-208,-199,-201,-195,-198,-191,-194,-191,-193,-190,-191,-186,-185,-179,-181,-180,-181,-179,-180,-175,-177,-174,-175,-168,-169,-161,-162,-158,-160,-148,-150,-142,-142,-137,-137,-123,-124,-112,-113,-95,-96,-71,-71,-49,-49,-31,-32,-16,-16,-11,-11,-7,-8,1,2,17,17,32,33,56,56,80,82,93,94,106,106,119,120,134,134,156,157,179,179,202,204,223,225,233,236,240,243,248,249,252,256,257,261,271,273,284,287,290,292,295,298,310,311,325,328,349,353,379,383,418,422,};
uint16_t fa3B[189]={-265,-265,-281,-283,-302,-303,-320,-323,-339,-342,-355,-358,-370,-372,-387,-389,-399,-403,-413,-417,-427,-431,-430,-434,-427,-431,-430,-433,-434,-438,-438,-441,-438,-442,-434,-438,-425,-429,-412,-415,-398,-401,-381,-385,-364,-367,-342,-345,-322,-325,-301,-303,-271,-273,-248,-249,-222,-225,-190,-192,-159,-160,-126,-127,-97,-99,-66,-67,-36,-37,-6,-6,27,26,54,53,80,80,104,104,125,125,147,148,170,172,190,192,203,205,218,219,232,234,241,243,247,249,246,248,244,246,242,244,243,244,237,240,231,233,226,227,218,219,209,210,195,196,177,178,160,162,145,146,130,132,114,114,98,99,83,84,75,76,75,75,71,71,69,69,70,71,69,69,63,63,58,58,57,56,64,64,72,73,82,82,93,94,108,109,122,123,136,136,152,152,166,167,180,182,197,199,215,216,234,236,255,257,270,274,282,285,292,295,302,305,310,311,313,316,};
uint16_t la3B[150]={-206,-206,-208,-238,-240,-266,-268,-290,-292,-306,-308,-317,-321,-329,-331,-335,-337,-332,-335,-326,-329,-320,-322,-312,-314,-304,-305,-298,-301,-303,-305,-313,-315,-322,-323,-327,-329,-325,-328,-318,-320,-301,-303,-274,-276,-241,-242,-199,-202,-151,-152,-104,-104,-63,-64,-30,-29,-6,-6,12,11,24,24,34,34,47,47,64,65,90,91,123,125,168,169,220,222,270,273,312,315,343,346,368,370,380,383,383,386,376,379,355,358,328,331,297,300,265,267,241,242,224,226,219,220,221,223,235,236,254,256,277,278,300,303,325,328,348,350,355,358,350,353,324,326,280,282,226,227,166,167,105,106,54,55,14,13,-13,-13,-22,-22,-15,-16,1,1,28,28,62,62,94,96,};
uint16_t si3B[133]={-242,-242,-249,-251,-258,-260,-265,-267,-266,-268,-263,-265,-259,-260,-253,-254,-246,-248,-235,-237,-224,-225,-210,-212,-192,-193,-171,-173,-150,-151,-131,-132,-111,-113,-93,-93,-77,-78,-60,-61,-46,-48,-29,-29,-8,-8,10,11,24,25,36,35,50,49,65,66,79,80,95,95,114,114,133,135,154,155,169,171,179,181,192,194,204,206,218,218,229,231,241,243,245,247,246,248,248,249,246,248,242,243,236,239,230,232,221,223,211,213,200,202,188,189,176,178,167,170,160,161,156,157,156,157,160,161,165,166,163,164,160,161,153,154,146,148,148,149,146,147,138,138,129,130,116,117,};
uint16_t re4B[112]={-231,-231,-234,-254,-256,-276,-279,-294,-296,-306,-309,-314,-316,-319,-322,-325,-328,-326,-329,-308,-310,-280,-282,-248,-250,-210,-212,-166,-167,-124,-125,-87,-87,-50,-50,-15,-14,23,24,63,63,106,106,145,146,180,182,213,215,243,245,270,272,299,301,329,332,361,364,393,396,420,425,441,443,451,455,456,459,460,463,459,462,450,453,438,441,424,427,406,410,382,385,358,360,333,336,309,311,286,289,261,264,236,238,211,213,190,191,170,172,152,153,139,140,121,122,100,101,83,84,65,66,};
uint16_t fa4B[94]={-123,-123,-123,-130,-131,-135,-137,-142,-143,-146,-147,-142,-143,-143,-144,-142,-143,-131,-131,-120,-120,-102,-103,-80,-81,-63,-63,-49,-50,-27,-29,8,8,36,35,65,66,98,99,134,136,168,169,184,186,210,211,233,234,246,249,257,258,264,266,266,269,263,265,264,266,260,262,247,250,237,238,230,232,217,219,194,196,175,175,156,157,138,140,120,121,97,97,75,75,49,49,22,23,-8,-8,-42,-42,-73,-74,};
uint16_t dod2B[477]={-202,-202,-201,-202,-199,-200,-198,-200,-198,-198,-190,-192,-182,-184,-181,-182,-175,-176,-169,-171,-168,-170,-161,-162,-156,-158,-150,-150,-146,-147,-148,-150,-146,-148,-145,-146,-147,-148,-151,-152,-147,-149,-149,-150,-153,-155,-156,-157,-164,-165,-170,-171,-175,-176,-192,-194,-213,-216,-235,-236,-267,-270,-297,-300,-328,-330,-368,-372,-411,-415,-445,-450,-480,-484,-522,-525,-560,-565,-601,-606,-637,-643,-667,-671,-693,-699,-713,-718,-731,-737,-745,-751,-752,-759,-757,-764,-759,-765,-752,-759,-743,-750,-732,-737,-705,-711,-680,-685,-655,-660,-627,-632,-600,-605,-581,-585,-559,-563,-525,-529,-487,-490,-436,-439,-377,-380,-333,-334,-295,-298,-262,-264,-222,-224,-168,-170,-111,-113,-70,-71,-42,-42,-17,-17,8,7,36,36,67,69,93,95,115,116,131,132,132,133,126,126,129,130,148,149,178,180,209,211,226,228,235,237,233,234,215,217,190,192,166,166,147,148,126,126,101,103,75,76,49,49,38,37,37,37,38,38,38,39,40,40,33,32,25,25,18,17,9,9,13,13,33,34,62,63,97,98,136,137,175,176,208,210,237,238,251,253,259,260,275,276,296,299,324,327,360,363,398,402,445,448,490,494,521,525,550,554,578,582,597,601,619,624,636,642,635,641,632,637,623,627,603,608,584,588,557,562,519,524,468,472,404,406,324,326,237,238,155,155,74,75,6,6,-58,-59,-131,-131,-201,-204,-276,-278,-352,-356,-416,-420,-469,-474,-524,-528,-577,-581,-620,-625,-663,-668,-693,-697,-709,-715,-722,-726,-721,-726,-701,-707,-676,-682,-648,-654,-614,-620,-576,-580,-529,-533,-485,-488,-441,-446,-398,-401,-359,-362,-329,-332,-293,-295,-263,-267,-243,-246,-228,-230,-210,-212,-192,-193,-170,-170,-154,-156,-138,-139,-116,-117,-95,-96,-71,-72,-40,-41,-15,-16,9,8,29,30,30,30,25,24,15,15,-11,-11,-41,-41,-71,-73,-112,-114,-160,-161,-208,-210,-261,-263,-321,-325,-382,-385,-432,-436,-484,-488,-533,-537,-579,-582,-621,-625,-668,-673,-712,-718,-753,-758,-788,-795,-815,-822,-835,-842,-848,-854,-857,-864,-854,-860,-836,-843,-812,-819,-778,-784,-733,-738,-679,-685,-623,-627,-559,-563,-490,-495,-423,-426,-358,-361,-285,-287,-215,-218,-154,-155,-88,-89,-21,-20,39,41,100,101,145,147,183,184,225,227,265,267,304,306,336,339,368,372,393,396,414,417,433,436,453,455,476,479,498,502,};
uint16_t red2B[425]={0,0,1,0,1,0,-1,1,-1,0,0,0,0,0,0,0,0,0,1,0,0,-1,-1,0,0,0,1,0,0,0,0,0,0,0,0,0,0,0,0,0,1,0,-1,0,0,0,0,-1,0,0,0,0,0,0,0,0,1,0,-1,0,-1,0,0,0,0,0,0,0,0,-1,0,0,0,-1,0,-1,0,0,-1,0,0,0,0,0,0,-1,0,0,0,0,0,0,0,0,1,0,0,0,0,0,0,0,0,-1,0,0,0,0,0,1,1,0,-1,0,0,-1,0,0,0,1,0,0,0,-1,0,0,0,0,0,-1,0,1,0,0,0,1,0,0,0,-1,0,0,-1,0,0,0,0,0,0,0,0,0,0,0,0,0,0,0,0,-1,0,0,0,0,0,0,-1,0,0,0,0,0,0,0,0,1,0,0,0,0,0,1,0,0,0,-1,0,0,0,-1,0,0,0,0,0,0,0,1,-1,0,-1,0,1,0,0,0,0,0,0,0,1,0,1,0,0,1,0,0,-1,1,0,0,-1,0,0,0,0,0,0,-1,0,0,0,0,0,-1,0,0,0,0,-1,-1,1,1,0,0,-1,0,-1,0,0,1,1,0,1,0,0,0,0,0,0,0,0,0,0,-1,-1,0,0,-1,0,0,0,0,1,0,0,-1,0,-1,0,0,0,0,0,0,-1,0,-1,0,0,0,1,1,-1,0,-1,-1,0,0,0,0,0,0,0,0,0,1,0,0,-1,0,1,0,0,-1,-1,0,0,-1,-1,0,0,0,-1,0,0,1,-1,0,0,0,0,0,1,-1,-1,0,0,0,0,1,-1,0,1,1,-1,0,1,0,-1,0,0,0,0,-1,-1,0,0,0,-1,0,0,0,0,0,0,0,-1,0,0,1,1,0,-1,0,0,0,0,-1,0,0,0,0,0,0,0,0,0,0,1,-1,0,-1,0,-1,1,0,1,0,-1,0,0,-1,0,0,0,0,0,0,0,1,0,0,0,0,0,0,0,1,0,0,0,0,1,0,};
uint16_t sol2B[337]={217,217,188,189,160,162,127,129,95,96,62,63,28,29,-5,-4,-34,-35,-63,-63,-91,-92,-118,-119,-142,-143,-166,-168,-190,-191,-210,-212,-229,-230,-248,-249,-265,-266,-278,-281,-289,-292,-298,-299,-301,-303,-304,-307,-308,-311,-315,-317,-321,-323,-324,-327,-330,-332,-339,-341,-347,-350,-355,-358,-363,-366,-369,-372,-374,-378,-378,-381,-377,-380,-375,-378,-372,-376,-366,-369,-358,-361,-350,-352,-338,-341,-324,-327,-308,-310,-288,-290,-266,-267,-243,-244,-215,-217,-189,-189,-165,-166,-141,-142,-112,-113,-83,-83,-56,-56,-29,-29,-1,-1,24,24,51,51,76,75,98,99,120,121,141,141,157,158,175,176,193,195,214,216,233,235,255,256,277,280,300,303,325,327,351,354,379,382,408,411,436,440,459,462,482,486,505,510,524,529,541,546,555,559,562,567,569,573,573,576,572,577,567,573,564,570,556,561,545,550,534,538,522,525,506,510,491,496,477,482,462,466,441,445,419,422,399,400,377,379,354,356,332,336,312,315,291,293,268,270,242,244,218,219,191,193,163,164,135,136,102,104,68,68,32,33,-6,-5,-44,-45,-87,-88,-130,-131,-171,-171,-214,-216,-259,-261,-305,-308,-349,-353,-390,-394,-430,-433,-468,-472,-501,-505,-530,-534,-559,-562,-584,-589,-608,-614,-632,-638,-657,-662,-680,-686,-702,-708,-721,-728,-740,-746,-759,-765,-776,-782,-791,-798,-807,-813,-819,-827,-832,-839,-843,-849,-853,-860,-861,-869,-868,-874,-874,-880,-876,-883,-874,-881,-871,-879,-868,-876,-857,-864,-842,-849,-823,-830,-802,-809,-778,-784,-751,-756,-719,-725,-684,-689,-647,-652,-607,-612,-566,-570,-522,-526,-477,-480,-430,-434,-380,-383,-331,-334,-288,-289,-242,-244,};
uint16_t lad2B[283]={-28,-28,-46,-46,-59,-59,-67,-68,-74,-74,-81,-82,-88,-89,-97,-97,-108,-109,-125,-127,-138,-139,-139,-139,-139,-140,-143,-143,-149,-151,-160,-162,-171,-171,-178,-181,-190,-191,-198,-200,-201,-203,-204,-207,-205,-207,-207,-209,-210,-212,-210,-211,-214,-215,-223,-225,-230,-233,-231,-232,-224,-226,-220,-222,-221,-222,-212,-213,-203,-205,-205,-207,-205,-206,-200,-201,-195,-196,-184,-185,-165,-166,-151,-152,-138,-140,-123,-123,-109,-110,-98,-99,-87,-88,-78,-79,-61,-61,-41,-42,-27,-27,-12,-11,8,8,25,24,37,38,50,50,56,55,60,60,73,73,95,96,114,114,130,131,144,145,155,157,167,168,172,174,175,176,178,179,186,186,200,202,211,212,215,218,219,220,222,225,223,224,218,220,215,216,212,215,208,211,203,204,197,199,189,192,184,185,175,177,165,166,157,159,156,157,151,152,137,138,119,119,99,100,82,81,67,69,60,61,60,60,55,55,35,35,12,12,-4,-4,-16,-17,-18,-17,-15,-16,-16,-16,-19,-20,-34,-36,-54,-53,-74,-75,-96,-97,-104,-104,-94,-95,-96,-98,-110,-110,-121,-122,-134,-134,-152,-154,-169,-169,-172,-174,-167,-168,-163,-164,-171,-172,-179,-181,-190,-192,-203,-205,-214,-217,-218,-219,-211,-212,-199,-201,-185,-187,-179,-180,-184,-185,-183,-185,-171,-174,-162,-163,-155,-157,-139,-140,-118,-119,-109,-111,-99,-100,-80,-81,-58,-58,-44,-44,-29,-30,};
uint16_t re3B[225]={-227,-227,-256,-257,-286,-288,-317,-319,-341,-344,-368,-372,-405,-407,-437,-439,-465,-468,-485,-490,-506,-510,-521,-525,-533,-538,-548,-553,-563,-567,-570,-574,-575,-579,-576,-580,-569,-573,-565,-570,-560,-565,-549,-554,-534,-537,-518,-521,-492,-495,-462,-465,-429,-433,-387,-389,-343,-346,-306,-309,-269,-271,-233,-234,-191,-192,-147,-148,-98,-100,-54,-55,-10,-9,34,34,74,73,109,110,145,147,180,182,204,205,231,233,259,260,288,290,310,313,327,329,338,342,346,349,357,360,359,361,365,368,371,375,379,382,380,383,373,376,376,379,377,381,371,373,358,360,348,351,348,351,343,347,332,335,320,322,312,314,296,298,273,275,253,255,235,237,213,215,186,187,158,159,133,134,112,113,86,85,56,56,25,25,-7,-7,-34,-34,-55,-55,-75,-75,-102,-102,-122,-123,-144,-146,-166,-168,-176,-178,-187,-188,-189,-189,-185,-187,-184,-186,-184,-185,-190,-193,-198,-200,-207,-208,-214,-215,-208,-209,-207,-209,-205,-207,-203,-204,-195,-196,-176,-178,-149,-150,-114,-115,-78,-79,-45,-46,-7,-8,22,22,55,57,91,91,124,125,155,157,};
uint16_t red3B[212]={-117,-117,-118,-138,-140,-161,-162,-186,-187,-211,-213,-240,-241,-269,-270,-294,-297,-317,-319,-336,-339,-350,-353,-362,-366,-376,-378,-383,-386,-392,-394,-395,-398,-390,-393,-380,-382,-368,-370,-354,-356,-337,-339,-315,-318,-289,-290,-265,-268,-247,-248,-229,-230,-209,-212,-189,-190,-168,-168,-147,-148,-128,-129,-106,-106,-85,-85,-58,-57,-28,-27,0,0,25,25,55,55,86,86,116,116,145,145,172,173,199,201,227,229,249,251,269,270,285,287,293,296,299,301,304,305,308,309,309,312,310,313,307,310,298,300,285,286,272,274,263,266,254,257,246,247,232,234,219,221,210,212,195,198,175,176,153,154,130,131,112,113,96,97,74,75,51,52,28,28,6,6,-12,-12,-31,-31,-54,-55,-82,-82,-106,-108,-132,-133,-155,-157,-177,-178,-195,-196,-213,-215,-227,-230,-235,-237,-235,-238,-229,-231,-216,-218,-200,-201,-183,-184,-163,-165,-144,-145,-124,-125,-106,-108,-89,-91,-68,-69,-44,-43,-18,-19,4,4,22,22,35,35,52,51,66,67,79,79,96,97,114,114,};
uint16_t sol3B[168]={-152,-152,-153,-160,-161,-168,-169,-171,-173,-177,-179,-183,-185,-186,-188,-193,-194,-196,-199,-199,-201,-202,-205,-206,-207,-209,-210,-210,-212,-204,-205,-199,-200,-192,-193,-180,-182,-170,-172,-152,-154,-131,-132,-112,-112,-89,-89,-64,-65,-44,-44,-24,-24,-7,-7,10,10,26,26,38,37,45,45,51,51,53,53,52,52,50,49,47,48,48,49,48,48,50,49,55,56,61,62,69,70,79,81,92,93,105,106,119,119,130,132,142,142,152,153,159,160,163,164,165,166,165,167,164,166,159,160,154,155,150,151,142,144,134,134,127,130,123,124,122,122,125,126,128,129,129,130,129,129,129,129,130,132,129,131,124,126,123,125,125,126,123,125,120,121,116,117,112,112,109,110,105,106,101,102,98,99,95,96,92,92,87,87,83,84,};
uint16_t lad3B[141]={-131,-131,-131,-132,-134,-134,-137,-138,-142,-143,-145,-146,-147,-150,-147,-149,-144,-145,-140,-141,-138,-138,-137,-137,-133,-133,-127,-128,-121,-122,-110,-111,-99,-99,-88,-88,-76,-77,-62,-62,-45,-44,-24,-24,-5,-5,11,11,28,28,44,45,58,58,75,75,92,93,107,108,120,121,134,135,148,149,162,163,174,175,184,186,195,198,204,206,210,211,217,220,226,228,231,233,236,237,236,238,233,235,229,230,222,224,216,217,206,208,198,199,190,191,182,183,174,175,165,167,155,157,140,140,124,125,113,114,105,106,98,99,91,92,79,79,65,65,51,52,38,38,26,26,13,13,2,3,-6,-6,-17,-17,-28,-28,};
uint16_t *arrayNotesA20[8] = {fad1,la1,do2,mi2,fad2,la2,do3,mi3,};
int taillesA20[8] = {715,601,505,401,357,300,252,200,};
uint16_t *arrayNotesB20[8] = {fad3,la3,do4,lad1,si1,re2,fa2,la2,};
int taillesB20[8] = {178,150,126,565,535,450,378,300,};
uint16_t *arrayNotesA27[8] = {si2,re3,fa3,la3,si3,re4,fa4,dod2,};
int taillesA27[8] = {267,225,189,150,133,112,94,477,};
uint16_t *arrayNotesB27[8] = {red2,sol2,lad2,re3,red3,sol3,lad3,};
int taillesB27[8] = {425,337,283,225,212,168,141,};
uint16_t *arrayNotesBA20B[8] = {fad1B,la1B,do2B,mi2B,fad2B,la2B,do3B,mi3B,};
int taillesBA20B[8] = {715,601,505,401,357,300,252,200,};
uint16_t *arrayNotesBB20B[8] = {fad3B,la3B,do4B,lad1B,si1B,re2B,fa2B,la2B,};
int taillesBB20B[8] = {178,150,126,565,535,450,378,300,};
uint16_t *arrayNotesBA27B[8] = {si2B,re3B,fa3B,la3B,si3B,re4B,fa4B,dod2B,};
int taillesBA27B[8] = {267,225,189,150,133,112,94,477,};
uint16_t *arrayNotesBB27B[8] = {red2B,sol2B,lad2B,re3B,red3B,sol3B,lad3B,};
int taillesBB27B[8] = {425,337,283,225,212,168,141,};
